,open,close,high,low,volume,money
2011-01-04,53.18,53.0,53.79,52.77,15241437.0,811093888.0
2011-01-05,51.5,50.66,51.5,50.31,25901798.0,1312741760.0
2011-01-06,50.41,50.05,50.5,49.9,12709439.0,636496896.0
2011-01-07,49.95,48.99,49.95,48.8,17628644.0,866217280.0
2011-01-10,48.99,49.2,49.71,48.9,9514163.0,468166624.0
2011-01-11,49.2,48.45,49.35,47.97,12294896.0,594531456.0
2011-01-12,48.71,48.18,49.11,47.5,9476463.0,457085440.0
2011-01-13,48.3,47.18,48.58,47.0,12725340.0,605761600.0
2011-01-14,47.1,45.91,47.1,45.65,14103951.0,649802944.0
2011-01-17,45.2,44.17,45.6,44.01,15161166.0,678591616.0
2011-01-18,44.16,45.31,45.35,44.0,9416449.0,419328288.0
2011-01-19,45.3,46.32,46.5,44.91,11506068.0,527141376.0
2011-01-20,46.03,44.15,46.03,44.01,11258361.0,504399584.0
2011-01-21,43.33,43.62,44.39,43.06,11416227.0,498211200.0
2011-01-24,43.8,43.19,44.25,43.0,6437501.0,280306944.0
2011-01-25,43.0,41.72,43.0,41.3,12096524.0,505920864.0
2011-01-26,41.85,41.96,42.2,41.4,9374118.0,391737504.0
2011-01-27,42.05,43.04,43.3,41.72,14027566.0,600110912.0
2011-01-28,42.0,42.81,42.95,41.7,12755061.0,538692672.0
2011-01-31,43.79,46.01,46.1,43.6,20050876.0,896622400.0
2011-02-01,45.9,45.96,46.08,45.05,13500973.0,616036992.0
2011-02-09,46.6,44.98,47.36,44.64,14471984.0,665742208.0
2011-02-10,44.75,45.34,45.4,43.65,10151023.0,451727136.0
2011-02-11,45.34,45.33,45.79,44.8,10705103.0,484218080.0
2011-02-14,45.3,46.43,46.79,45.0,17994928.0,829937344.0
2011-02-15,46.87,46.87,48.07,46.51,23752606.0,1127105536.0
2011-02-16,47.12,47.6,47.76,46.51,18089450.0,854489216.0
2011-02-17,48.0,47.91,48.45,47.47,16130466.0,772446848.0
2011-02-18,48.33,48.12,49.69,48.02,23643234.0,1152247296.0
2011-02-21,48.1,48.5,48.9,48.0,14551484.0,703864064.0
2011-02-22,49.9,48.56,50.73,48.45,30585326.0,1512761472.0
2011-02-23,48.6,51.07,51.84,48.6,39840992.0,2011872128.0
2011-02-24,52.0,50.45,52.23,50.01,23110792.0,1173595776.0
2011-02-25,50.46,49.61,50.46,48.81,16572038.0,818418432.0
2011-02-28,49.03,49.52,49.6,48.6,15613927.0,765716672.0
2011-03-01,49.38,49.42,49.5,48.5,18105220.0,886588288.0
2011-03-02,49.9,51.23,52.01,49.11,37862276.0,1922226304.0
2011-03-03,51.24,49.55,51.24,49.53,20039960.0,1008454144.0
2011-03-04,49.0,49.32,49.58,48.5,12677989.0,620605824.0
2011-03-07,50.1,50.4,50.94,49.63,17539012.0,882655296.0
2011-03-08,50.27,50.22,50.94,49.8,12829079.0,645240640.0
2011-03-09,50.1,49.54,50.1,49.34,13136142.0,652325696.0
2011-03-10,49.54,48.66,49.54,48.63,11227388.0,549229184.0
2011-03-11,48.0,48.53,49.0,47.75,15052427.0,726458240.0
2011-03-14,48.55,48.68,49.68,48.5,10035583.0,490179232.0
2011-03-15,48.54,47.08,48.54,46.37,16232339.0,766250752.0
2011-03-16,46.5,47.59,47.78,46.3,13688168.0,645213504.0
2011-03-17,46.94,46.61,47.17,46.4,9283332.0,433441792.0
2011-03-18,46.61,46.61,46.61,46.61,0.0,0.0
2011-03-21,47.6,48.32,48.49,47.22,18831604.0,904122048.0
2011-03-22,48.64,49.29,49.7,48.39,20786364.0,1022008768.0
2011-03-23,49.23,49.6,50.15,48.65,20987614.0,1038472384.0
2011-03-24,50.6,50.0,51.6,49.91,24503920.0,1242869504.0
2011-03-25,49.89,53.41,54.48,49.67,70304784.0,3690139392.0
2011-03-28,53.25,53.41,54.18,52.71,36282640.0,1942262400.0
2011-03-29,52.91,51.11,53.17,51.01,27952138.0,1455016704.0
2011-03-30,50.97,53.06,53.18,50.72,28200916.0,1471767168.0
2011-03-31,53.5,52.5,53.76,51.82,17137112.0,898235776.0
2011-04-01,53.1,52.69,53.47,51.88,18756558.0,986026624.0
2011-04-06,53.4,53.85,54.45,52.8,28993920.0,1554865280.0
2011-04-07,54.1,53.22,54.84,53.05,22656592.0,1219956992.0
2011-04-08,53.24,53.59,53.75,52.35,26186000.0,1391820032.0
2011-04-11,54.45,52.99,54.68,52.95,24011596.0,1290203520.0
2011-04-12,52.5,51.48,52.5,51.0,22489202.0,1161316736.0
2011-04-13,51.01,52.28,52.5,49.98,21332042.0,1091973248.0
2011-04-14,51.7,52.85,53.45,51.35,21976940.0,1154567680.0
2011-04-15,53.3,53.87,54.48,53.3,35947864.0,1939679872.0
2011-04-18,53.87,53.87,53.87,53.87,0.0,0.0
2011-04-19,53.87,53.87,53.87,53.87,0.0,0.0
2011-04-20,53.87,53.87,53.87,53.87,0.0,0.0
2011-04-21,53.87,53.87,53.87,53.87,0.0,0.0
2011-04-22,53.87,53.87,53.87,53.87,0.0,0.0
2011-04-25,57.5,54.02,57.5,53.41,63810872.0,3530541056.0
2011-04-26,52.7,50.96,52.76,50.8,25398644.0,1311071104.0
2011-04-27,51.44,50.45,51.99,50.01,15451266.0,785568128.0
2011-04-28,51.6,50.62,52.17,50.5,16539550.0,848194560.0
2011-04-29,51.16,51.24,51.4,50.64,11334073.0,577916096.0
2011-05-03,50.6,49.22,50.61,47.58,19789068.0,968591168.0
2011-05-04,48.0,47.22,48.5,47.1,17839872.0,850108800.0
2011-05-05,46.78,47.13,48.16,46.5,11086335.0,525095744.0
2011-05-06,45.0,45.55,46.2,44.6,17559394.0,794791104.0
2011-05-09,45.63,46.18,46.5,45.63,9019103.0,415599360.0
2011-05-10,46.13,46.43,46.86,46.0,10109376.0,469176768.0
2011-05-11,46.7,46.35,46.8,46.3,8032585.0,374044544.0
2011-05-12,45.5,44.21,45.53,44.19,15958462.0,715123008.0
2011-05-13,44.38,44.93,45.0,43.96,9411764.0,417897792.0
2011-05-16,44.4,44.07,44.66,44.01,7246304.0,320959936.0
2011-05-17,44.01,45.09,45.55,43.74,10798184.0,484183840.0
2011-05-18,44.5,45.06,45.19,44.34,5676262.0,254805968.0
2011-05-19,45.5,45.28,45.69,45.0,5985818.0,270729600.0
2011-05-20,45.2,45.46,45.5,44.76,5621599.0,253835776.0
2011-05-23,45.47,44.54,46.19,44.5,9528315.0,432343840.0
2011-05-24,44.48,45.73,45.98,44.48,8305616.0,375440928.0
2011-05-25,45.51,45.97,46.47,45.51,9610839.0,442730944.0
2011-05-26,46.47,45.6,46.6,45.4,6310583.0,288986720.0
2011-05-27,45.45,43.95,45.47,43.88,9132667.0,404890432.0
2011-05-30,44.05,44.03,44.79,43.58,5644279.0,249796576.0
2011-05-31,44.1,44.79,44.87,44.05,4702689.0,209157568.0
2011-06-01,44.64,44.53,44.8,44.21,5154467.0,229078720.0
2011-06-02,44.4,44.75,45.13,44.1,7677665.0,343498848.0
2011-06-03,44.5,44.84,45.11,44.3,6173079.0,276530624.0
2011-06-07,45.03,46.05,46.15,44.9,10040667.0,458580288.0
2011-06-08,45.95,45.68,45.97,45.31,6543416.0,298491392.0
2011-06-09,45.6,46.03,47.9,45.45,14074445.0,659057728.0
2011-06-10,45.97,45.63,46.0,44.8,8357115.0,378655200.0
2011-06-13,45.01,45.31,45.5,44.7,5082065.0,228948560.0
2011-06-14,45.09,45.62,45.85,44.73,5479075.0,249088336.0
2011-06-15,45.51,45.44,46.08,45.37,6236292.0,284112576.0
2011-06-16,45.41,44.81,45.44,44.8,4439324.0,199702752.0
2011-06-17,44.8,44.37,45.28,44.35,4296822.0,192549232.0
2011-06-20,44.4,44.09,44.77,44.0,4388672.0,194184032.0
2011-06-21,44.35,44.51,44.7,44.0,4582708.0,203151648.0
2011-06-22,44.53,44.04,44.83,43.89,4825387.0,212852320.0
2011-06-23,44.15,44.55,44.74,43.75,5698378.0,251892912.0
2011-06-24,43.96,45.26,45.67,43.8,13540902.0,607059648.0
2011-06-27,44.9,45.09,45.5,44.61,9718945.0,437852992.0
2011-06-28,45.06,45.55,46.35,45.04,13198539.0,604151232.0
2011-06-29,45.53,44.84,45.73,44.65,7368735.0,332449440.0
2011-06-30,44.84,44.84,44.84,44.84,0.0,0.0
2011-07-01,45.24,45.48,45.68,45.17,9990620.0,453732608.0
2011-07-04,45.4,46.88,47.15,45.2,19516222.0,912318784.0
2011-07-05,46.9,46.96,47.2,46.32,12743403.0,594689856.0
2011-07-06,47.2,47.45,47.8,46.83,13134567.0,622554752.0
2011-07-07,47.43,47.89,48.68,47.43,15141598.0,728082496.0
2011-07-08,48.01,47.93,48.45,47.45,8084378.0,387118304.0
2011-07-11,47.75,48.57,48.8,47.75,9200433.0,444284928.0
2011-07-12,48.6,47.76,48.75,47.65,11783249.0,567094592.0
2011-07-13,48.25,49.47,50.0,48.25,19309644.0,954063296.0
2011-07-14,51.38,50.08,52.08,49.97,28412996.0,1450143616.0
2011-07-15,50.08,49.85,51.0,49.58,14053520.0,705053312.0
2011-07-18,50.68,50.28,50.81,49.39,11446437.0,573636864.0
2011-07-19,50.63,51.25,51.68,50.63,16393938.0,839271232.0
2011-07-20,50.8,49.93,50.9,49.6,14476559.0,727231936.0
2011-07-21,50.01,48.86,50.28,48.8,9576084.0,471306240.0
2011-07-22,48.88,48.49,48.98,48.28,7719347.0,374686848.0
2011-07-25,49.3,48.67,49.58,48.45,11512795.0,563557632.0
2011-07-26,48.75,49.34,49.59,48.25,8770454.0,429728448.0
2011-07-27,49.52,49.84,50.27,49.0,10612736.0,529519136.0
2011-07-28,49.13,49.09,49.4,48.48,7159268.0,350137664.0
2011-07-29,49.0,47.77,49.2,47.73,9338106.0,449802304.0
2011-08-01,47.79,47.84,48.29,47.7,5231542.0,250863744.0
2011-08-02,47.85,48.08,48.29,46.66,6722726.0,318998432.0
2011-08-03,48.8,49.45,49.69,48.78,13552984.0,667959360.0
2011-08-04,49.51,49.44,50.59,49.0,10251280.0,511206368.0
2011-08-05,47.9,49.0,49.92,47.5,11888473.0,581869312.0
2011-08-08,49.2,52.19,53.02,47.88,54601360.0,2780927232.0
2011-08-09,52.26,51.36,53.49,51.16,46692848.0,2436783104.0
2011-08-10,51.38,51.69,51.95,50.51,29095112.0,1493314432.0
2011-08-11,53.0,51.65,53.23,51.6,27816292.0,1450238592.0
2011-08-12,50.8,50.79,51.47,50.3,16914578.0,858994304.0
2011-08-15,50.2,50.22,50.5,49.78,13110707.0,656570880.0
2011-08-16,50.44,51.21,51.25,49.9,14475502.0,731370496.0
2011-08-17,51.2,50.44,51.2,50.39,8446916.0,427816480.0
2011-08-18,50.43,50.0,50.8,49.88,8096596.0,407842048.0
2011-08-19,50.89,50.64,51.5,50.3,16236964.0,826541696.0
2011-08-22,51.02,51.14,51.2,50.36,13258833.0,674457536.0
2011-08-23,51.65,50.33,51.76,50.25,13420791.0,680661696.0
2011-08-24,49.7,48.86,49.7,48.53,17476100.0,857089536.0
2011-08-25,47.23,48.17,48.38,47.02,17774296.0,847309632.0
2011-08-26,48.18,48.48,48.77,47.95,9375418.0,453477344.0
2011-08-29,48.49,48.19,48.79,48.0,6594489.0,318849600.0
2011-08-30,48.3,47.95,48.4,47.87,7833434.0,376995232.0
2011-08-31,48.25,47.98,48.39,47.9,4629233.0,222646112.0
2011-09-01,48.01,47.5,48.39,47.5,6206565.0,296976768.0
2011-09-02,47.5,47.01,47.74,46.76,5663679.0,266608416.0
2011-09-05,47.27,47.42,47.96,47.25,7665645.0,364981600.0
2011-09-06,47.6,47.89,47.99,46.8,6716369.0,319482272.0
2011-09-07,47.33,47.31,47.58,46.9,6964408.0,328389408.0
2011-09-08,47.0,46.96,47.3,46.59,6689875.0,314237184.0
2011-09-09,47.19,46.8,47.45,46.64,4458164.0,209161424.0
2011-09-13,46.0,45.11,46.02,45.05,7010536.0,317985920.0
2011-09-14,45.36,44.9,45.55,44.0,6397488.0,286293888.0
2011-09-15,44.9,45.22,45.36,44.6,5861761.0,264045312.0
2011-09-16,44.85,45.64,45.74,44.6,10024928.0,454795744.0
2011-09-19,45.65,44.79,45.8,44.73,3834909.0,173053568.0
2011-09-20,44.03,44.25,44.5,43.93,4878886.0,215241904.0
2011-09-21,44.3,45.16,45.25,44.04,5537868.0,248250400.0
2011-09-22,44.82,43.81,44.82,43.76,6895162.0,304553888.0
2011-09-23,43.0,42.6,43.5,41.16,15559069.0,652583680.0
2011-09-26,41.0,39.7,41.45,39.32,14232872.0,575918336.0
2011-09-27,40.01,40.12,40.26,39.6,7020411.0,280744512.0
2011-09-28,40.51,39.83,40.62,39.7,6884945.0,277073152.0
2011-09-29,39.0,38.09,39.0,37.8,9718352.0,371145216.0
2011-09-30,38.19,38.87,38.9,38.11,6092075.0,234454656.0
2011-10-10,38.9,38.55,39.09,38.38,3608773.0,139659552.0
2011-10-11,39.8,38.8,40.19,38.56,5663417.0,222825680.0
2011-10-12,38.66,39.58,39.79,38.25,6050997.0,237863552.0
2011-10-13,39.58,40.19,40.76,39.35,8847517.0,354462720.0
2011-10-14,40.16,39.99,40.16,39.66,4306168.0,171926416.0
2011-10-17,40.13,39.82,40.36,39.64,3552773.0,141996608.0
2011-10-18,39.7,38.27,39.7,38.18,6148107.0,238159264.0
2011-10-19,38.47,38.19,38.74,38.05,3705853.0,142041920.0
2011-10-20,38.0,36.5,38.2,36.36,6508035.0,239598192.0
2011-10-21,36.49,35.06,36.5,34.85,8798924.0,310677888.0
2011-10-24,35.11,35.52,35.55,34.63,6222221.0,218930176.0
2011-10-25,35.6,36.37,36.76,35.25,8815196.0,318392512.0
2011-10-26,36.71,38.19,38.81,36.71,17597546.0,664637824.0
2011-10-27,38.35,37.77,38.4,37.5,10031141.0,379846944.0
2011-10-28,38.5,38.63,39.18,38.31,10001154.0,387283552.0
2011-10-31,38.7,38.45,38.8,37.48,8998513.0,343211520.0
2011-11-01,37.79,38.03,38.7,37.55,5631872.0,214662416.0
2011-11-02,37.49,38.36,38.5,36.83,9301865.0,349126176.0
2011-11-03,38.76,38.86,39.5,38.51,14095319.0,550527936.0
2011-11-04,39.8,39.73,40.52,39.54,12174490.0,486382304.0
2011-11-07,39.77,40.08,40.39,39.4,8425243.0,335960384.0
2011-11-08,41.0,39.95,41.28,39.85,10441487.0,422942496.0
2011-11-09,40.15,40.07,40.3,39.67,7371753.0,294514944.0
2011-11-10,39.59,39.14,39.59,38.91,6392573.0,250902160.0
2011-11-11,39.0,39.05,39.29,38.82,4203608.0,164163408.0
2011-11-14,39.7,40.39,40.65,39.52,10201593.0,411683360.0
2011-11-15,40.28,40.26,40.46,40.0,4957792.0,199329952.0
2011-11-16,40.33,39.21,40.62,39.2,5995460.0,238393536.0
2011-11-17,39.1,39.08,39.4,38.9,3956277.0,154735792.0
2011-11-18,38.45,37.71,38.45,37.59,6337177.0,240818976.0
2011-11-21,37.6,37.04,37.7,36.9,7153373.0,266141392.0
2011-11-22,36.85,37.46,37.49,36.5,4835718.0,177928576.0
2011-11-23,37.74,37.06,37.74,37.01,4299400.0,160463312.0
2011-11-24,36.6,36.62,37.0,36.32,3728361.0,136432624.0
2011-11-25,36.65,36.77,37.34,36.49,3053787.0,112643488.0
2011-11-28,37.1,36.84,37.33,36.62,3674798.0,135591520.0
2011-11-29,37.5,37.52,37.6,36.99,5935627.0,221255600.0
2011-11-30,37.52,36.3,37.6,36.01,6050869.0,222118176.0
2011-12-01,37.6,37.77,38.46,37.5,13352157.0,507078240.0
2011-12-02,37.55,37.62,37.7,36.95,5507382.0,205781664.0
2011-12-05,37.82,36.49,37.89,36.35,6437901.0,237600960.0
2011-12-06,36.5,35.3,36.5,35.0,8038552.0,285264608.0
2011-12-07,35.35,35.66,35.85,35.35,3280035.0,116625704.0
2011-12-08,35.83,35.69,36.11,35.35,3164585.0,113051248.0
2011-12-09,35.29,35.17,35.59,35.11,3594039.0,126822808.0
2011-12-12,35.4,34.8,35.42,34.8,4275841.0,149715856.0
2011-12-13,34.2,33.39,34.21,32.88,9503518.0,317085632.0
2011-12-14,33.2,32.38,33.35,32.21,5531793.0,181467120.0
2011-12-15,31.08,29.98,31.17,29.88,12233174.0,372033952.0
2011-12-16,29.92,30.23,30.45,29.0,13292277.0,396906112.0
2011-12-19,30.26,29.66,30.27,28.78,10062774.0,294603680.0
2011-12-20,29.57,29.64,30.0,29.32,5594253.0,166242384.0
2011-12-21,30.06,29.38,30.27,29.03,6627592.0,198077648.0
2011-12-22,29.0,28.89,29.06,28.16,8542145.0,243306080.0
2011-12-23,28.58,29.05,29.4,28.5,5362747.0,155462416.0
2011-12-26,28.82,28.84,29.41,28.6,4006349.0,116030568.0
2011-12-27,28.7,28.47,29.03,28.46,4406826.0,126616888.0
2011-12-28,28.3,28.5,28.51,27.7,6230819.0,174619136.0
2011-12-29,27.91,27.99,28.45,27.8,4406665.0,123974472.0
2011-12-30,28.08,28.39,28.55,28.0,5785433.0,163927424.0
2012-01-04,28.98,28.29,29.26,28.28,6145853.0,177139728.0
2012-01-05,28.31,28.48,28.98,28.16,5868022.0,167004112.0
2012-01-06,28.48,28.82,28.85,28.12,4579737.0,130225320.0
2012-01-09,28.99,29.99,30.0,28.6,9676298.0,285701248.0
2012-01-10,29.82,31.36,31.45,29.7,14129178.0,433020352.0
2012-01-11,31.46,31.29,31.84,30.82,10708524.0,335694336.0
2012-01-12,31.17,31.52,31.66,30.95,9081359.0,284869568.0
2012-01-13,31.5,30.85,32.0,30.32,9163745.0,285053984.0
2012-01-16,30.28,29.54,30.48,29.5,7162016.0,214631776.0
2012-01-17,29.78,32.49,32.49,29.78,18097674.0,573441856.0
2012-01-18,32.8,32.24,33.45,32.12,19501908.0,636348480.0
2012-01-19,32.08,34.3,35.36,31.97,25075990.0,851376192.0
2012-01-20,34.0,34.06,34.88,32.99,15198454.0,516655104.0
2012-01-30,35.07,34.93,36.5,34.85,21570762.0,767525568.0
2012-01-31,34.79,34.88,35.49,34.21,9553077.0,333223776.0
2012-02-01,35.0,33.54,35.69,33.09,14988637.0,518342592.0
2012-02-02,33.87,34.43,34.46,33.51,11639346.0,395177984.0
2012-02-03,34.53,35.62,35.85,34.21,16810912.0,592510208.0
2012-02-06,35.2,35.17,35.55,34.85,13421539.0,471770944.0
2012-02-07,34.85,34.54,34.85,33.86,11550959.0,395376992.0
2012-02-08,34.8,36.15,36.5,34.6,20528156.0,733143616.0
2012-02-09,35.8,35.83,36.49,35.42,12977886.0,465744096.0
2012-02-10,35.82,35.41,36.45,35.15,9971475.0,355756832.0
2012-02-13,34.98,35.46,35.98,34.75,7055676.0,249715856.0
2012-02-14,35.11,35.05,35.4,34.9,6031951.0,211583152.0
2012-02-15,34.93,35.75,35.88,34.88,11479529.0,407172256.0
2012-02-16,35.75,35.5,35.75,35.1,8474594.0,300252128.0
2012-02-17,35.78,35.46,35.9,35.25,4943004.0,175573840.0
2012-02-20,35.71,35.6,36.29,35.47,9917216.0,355913120.0
2012-02-21,35.6,35.76,35.8,34.94,7037717.0,249245440.0
2012-02-22,36.15,36.29,36.47,36.1,12129534.0,440447040.0
2012-02-23,36.75,36.69,37.45,36.45,13692180.0,505245696.0
2012-02-24,36.9,37.0,37.16,36.71,9709646.0,358980864.0
2012-02-27,37.0,37.1,37.46,36.81,14564553.0,541438400.0
2012-02-28,36.9,37.1,37.38,36.53,11505861.0,425227232.0
2012-02-29,37.38,37.65,38.49,37.05,16089419.0,609052096.0
2012-03-01,36.3,36.71,36.88,35.9,16448469.0,600364800.0
2012-03-02,36.7,36.8,36.95,36.5,12223207.0,448283968.0
2012-03-05,36.74,36.55,36.8,36.25,11165322.0,406364640.0
2012-03-06,36.25,35.15,36.45,35.0,15041784.0,533394592.0
2012-03-07,34.14,34.4,34.81,34.14,10842365.0,373939200.0
2012-03-08,34.61,35.2,35.27,34.61,9858921.0,344929376.0
2012-03-09,35.7,35.88,36.21,35.51,9399738.0,337305920.0
2012-03-12,35.91,35.69,35.98,35.35,8432598.0,300011808.0
2012-03-13,35.5,35.77,35.88,35.5,7730122.0,275689408.0
2012-03-14,35.6,34.38,35.93,34.26,17294466.0,610445376.0
2012-03-15,33.85,33.57,34.2,32.99,17069100.0,571549184.0
2012-03-16,33.7,34.04,34.33,33.7,10731706.0,364983872.0
2012-03-19,34.1,34.93,34.98,33.8,9539024.0,327190464.0
2012-03-20,34.5,34.32,34.94,33.96,7608721.0,261109840.0
2012-03-21,34.38,34.75,35.09,34.18,9502767.0,329932288.0
2012-03-22,34.72,34.94,35.13,34.42,7676755.0,267518240.0
2012-03-23,34.7,33.84,34.7,33.79,7151979.0,243887328.0
2012-03-26,34.19,33.71,34.28,33.58,4336867.0,147007184.0
2012-03-27,34.25,34.52,34.99,34.25,7614985.0,263744016.0
2012-03-28,34.2,33.99,34.52,33.6,6531554.0,222018256.0
2012-03-29,33.0,33.26,33.5,32.41,8447046.0,277948320.0
2012-03-30,33.15,32.79,33.39,32.02,6686273.0,217886560.0
2012-04-05,32.42,33.09,33.18,31.72,9283998.0,301938336.0
2012-04-06,33.04,32.92,33.04,32.71,4485720.0,147461728.0
2012-04-09,32.92,32.92,32.92,32.92,0.0,0.0
2012-04-10,32.92,32.92,32.92,32.92,0.0,0.0
2012-04-11,32.92,32.92,32.92,32.92,0.0,0.0
2012-04-12,32.92,32.92,32.92,32.92,0.0,0.0
2012-04-13,32.92,32.92,32.92,32.92,0.0,0.0
2012-04-16,32.92,32.92,32.92,32.92,0.0,0.0
2012-04-17,32.92,32.92,32.92,32.92,0.0,0.0
2012-04-18,32.92,32.92,32.92,32.92,0.0,0.0
2012-04-19,32.92,32.92,32.92,32.92,0.0,0.0
2012-04-20,32.92,32.92,32.92,32.92,0.0,0.0
2012-04-23,32.92,32.92,32.92,32.92,0.0,0.0
2012-04-24,32.92,32.92,32.92,32.92,0.0,0.0
2012-04-25,33.98,34.87,35.79,33.8,19839404.0,692200512.0
2012-04-26,34.88,34.81,35.13,34.52,9760403.0,340305728.0
2012-04-27,34.84,35.13,35.49,34.81,9443800.0,332470304.0
2012-05-02,35.48,36.2,36.5,35.25,16982612.0,611661056.0
2012-05-03,36.12,35.89,36.2,35.69,9101932.0,326707968.0
2012-05-04,35.66,36.12,36.18,35.4,10232559.0,366071072.0
2012-05-07,35.94,36.57,36.65,35.6,14295863.0,519651424.0
2012-05-08,36.56,36.1,36.58,35.93,9945506.0,359987424.0
2012-05-09,35.4,34.9,35.4,34.65,10826728.0,379131360.0
2012-05-10,34.8,34.89,35.1,34.71,5882717.0,205242928.0
2012-05-11,34.9,34.17,34.95,34.1,9908579.0,339663328.0
2012-05-14,34.2,33.39,34.5,33.34,10676047.0,359831168.0
2012-05-15,32.98,33.2,33.24,32.69,7554714.0,248365184.0
2012-05-16,33.2,33.24,33.55,32.82,6128566.0,203746048.0
2012-05-17,33.33,33.8,34.09,33.25,6908794.0,232552544.0
2012-05-18,34.05,34.15,34.85,33.91,12857627.0,442257216.0
2012-05-21,34.5,34.34,34.6,33.96,5819114.0,199868288.0
2012-05-22,34.14,34.34,34.52,34.0,5854109.0,200501952.0
2012-05-23,33.92,33.59,34.09,33.36,6389924.0,215251648.0
2012-05-24,33.41,33.43,33.65,33.3,3553290.0,118810320.0
2012-05-25,33.5,33.4,33.61,33.19,3737953.0,124719128.0
2012-05-28,33.46,33.9,33.98,33.01,5722192.0,191665888.0
2012-05-29,33.81,34.4,34.65,33.65,11002988.0,377490976.0
2012-05-30,34.0,34.33,34.4,33.81,5452108.0,185381808.0
2012-05-31,34.17,34.31,34.55,34.01,5735440.0,197222720.0
2012-06-01,34.31,34.34,34.48,34.06,7629602.0,261731456.0
2012-06-04,36.99,36.31,36.99,35.68,47450248.0,1721296000.0
2012-06-05,36.27,35.59,36.43,35.5,20682124.0,741894336.0
2012-06-06,35.9,38.0,38.64,35.8,48473868.0,1820113408.0
2012-06-07,38.0,37.26,38.0,37.08,30206812.0,1134283520.0
2012-06-08,36.39,36.0,36.63,35.68,23148240.0,836725952.0
2012-06-11,36.38,36.68,37.4,36.25,16196457.0,596470848.0
2012-06-12,36.1,36.14,36.66,35.98,10920038.0,395065504.0
2012-06-13,36.5,36.55,36.97,36.15,11166826.0,407671808.0
2012-06-14,36.55,36.19,36.9,36.11,11103195.0,403924480.0
2012-06-15,36.4,35.98,36.47,35.36,11315810.0,405959104.0
2012-06-18,36.0,35.93,36.2,35.62,8091397.0,290569664.0
2012-06-19,35.92,36.05,36.09,35.4,8645117.0,308649408.0
2012-06-20,35.81,35.69,36.0,35.58,5375721.0,192101392.0
2012-06-21,35.15,34.52,35.15,34.24,11072796.0,383179904.0
2012-06-25,34.24,33.38,34.24,33.03,11192172.0,374850528.0
2012-06-26,33.44,33.9,34.0,33.4,6980747.0,235325280.0
2012-06-27,33.66,33.54,33.79,33.12,6425605.0,215069088.0
2012-06-28,33.59,32.8,33.67,32.78,6612659.0,218482048.0
2012-06-29,32.3,32.84,32.97,31.5,8687658.0,279809728.0
2012-07-02,33.55,33.3,33.76,33.03,5763879.0,191851424.0
2012-07-03,33.3,33.32,33.55,33.05,4759016.0,158722352.0
2012-07-04,33.81,33.49,33.94,33.36,4600547.0,154560864.0
2012-07-05,33.3,33.02,33.3,32.88,4697326.0,155069760.0
2012-07-06,33.18,33.83,33.9,32.36,8736133.0,289107104.0
2012-07-09,33.15,32.45,33.36,32.37,9959829.0,326950592.0
2012-07-10,32.3,31.98,32.31,31.84,6247214.0,199997232.0
2012-07-11,31.97,32.06,32.18,31.66,4426866.0,141405856.0
2012-07-12,31.91,32.23,32.5,31.05,11243934.0,357424800.0
2012-07-13,32.0,32.14,32.6,31.72,4940204.0,159022640.0
2012-07-16,32.33,32.17,32.55,31.95,5736328.0,184611072.0
2012-07-17,32.22,33.52,33.58,32.22,14266248.0,471319424.0
2012-07-18,33.3,33.28,33.5,32.75,7749031.0,256492416.0
2012-07-19,32.82,33.26,33.43,32.82,6078622.0,201653280.0
2012-07-20,33.25,32.89,33.25,32.85,4043379.0,133441520.0
2012-07-23,32.77,32.17,32.8,32.11,4492355.0,145545552.0
2012-07-24,32.02,32.43,32.75,31.9,3385444.0,109461552.0
2012-07-25,32.36,32.17,32.6,32.1,3046491.0,98589432.0
2012-07-26,32.67,32.68,33.27,32.5,7894449.0,259877024.0
2012-07-27,32.91,33.39,33.48,32.72,10004106.0,331987648.0
2012-07-30,33.42,33.03,33.99,32.91,6226680.0,208113968.0
2012-07-31,33.04,33.5,33.82,33.04,8539460.0,286490912.0
2012-08-01,33.39,33.8,33.83,33.22,7097597.0,238589696.0
2012-08-02,33.45,33.27,33.58,33.01,5153890.0,171175312.0
2012-08-03,33.12,33.14,33.26,32.87,7688576.0,253929776.0
2012-08-06,33.3,33.88,33.95,33.26,10123542.0,340339776.0
2012-08-07,33.89,34.85,35.53,33.8,14589692.0,509147808.0
2012-08-08,34.64,34.77,35.5,34.51,9276592.0,325001344.0
2012-08-09,34.88,35.0,35.4,34.5,7577129.0,264819872.0
2012-08-10,35.16,34.38,35.2,34.1,5954878.0,205412864.0
2012-08-13,34.5,34.9,35.18,34.28,8112433.0,283012800.0
2012-08-14,34.6,34.79,34.85,33.86,5652679.0,194195952.0
2012-08-15,34.51,34.06,34.66,33.93,3852345.0,131461024.0
2012-08-16,34.01,34.08,34.63,34.01,2754555.0,94253504.0
2012-08-17,34.63,34.99,35.0,34.41,8946626.0,311066720.0
2012-08-20,34.7,34.98,35.12,34.55,6188995.0,215707072.0
2012-08-21,35.11,35.02,35.5,34.95,11569010.0,407987936.0
2012-08-22,35.4,35.16,35.88,35.15,10668141.0,378270880.0
2012-08-23,35.86,36.54,36.75,35.65,24095264.0,872214528.0
2012-08-24,36.55,35.78,36.73,35.75,20998144.0,763907584.0
2012-08-27,35.7,35.86,36.61,35.7,14059177.0,509367264.0
2012-08-28,35.41,35.2,35.99,34.92,10633963.0,375753184.0
2012-08-29,34.99,34.77,34.99,34.52,10097330.0,350961664.0
2012-08-30,34.16,33.44,34.46,33.01,10830139.0,365426656.0
2012-08-31,33.2,33.53,33.78,33.01,5085195.0,170173568.0
2012-09-03,34.31,35.83,36.2,34.31,20468282.0,727620288.0
2012-09-04,36.12,35.53,36.18,35.46,9763882.0,348342368.0
2012-09-05,35.39,36.44,37.37,35.28,20364288.0,744112896.0
2012-09-06,36.4,37.04,37.19,36.34,13573235.0,499288896.0
2012-09-07,36.8,37.57,38.65,36.71,36200760.0,1362794368.0
2012-09-10,39.0,38.33,39.38,38.0,37735312.0,1464971264.0
2012-09-11,38.05,38.78,39.38,37.71,23386338.0,905920384.0
2012-09-12,39.16,38.83,39.5,38.53,24802704.0,968213184.0
2012-09-13,38.45,37.68,38.67,37.67,17341088.0,658485312.0
2012-09-14,40.7,39.68,41.0,39.2,52172904.0,2094561280.0
2012-09-17,39.88,40.14,40.95,39.59,33049120.0,1336662272.0
2012-09-18,39.5,38.96,39.66,38.68,18931064.0,741838080.0
2012-09-19,39.12,41.58,41.8,38.99,29122356.0,1176932480.0
2012-09-20,41.0,40.51,41.79,40.33,28082854.0,1155659264.0
2012-09-21,40.55,41.67,42.7,40.55,26192134.0,1096067968.0
2012-09-24,40.95,41.0,41.3,40.12,17891556.0,727494656.0
2012-09-25,40.9,39.76,40.9,39.45,19387568.0,773937152.0
2012-09-26,39.4,38.98,39.53,38.49,13965770.0,544596288.0
2012-09-27,38.57,40.19,41.0,38.25,22025276.0,876663552.0
2012-09-28,40.48,41.72,42.0,40.4,26481126.0,1099093248.0
2012-10-08,41.5,40.76,41.5,40.36,15061595.0,613870592.0
2012-10-09,41.0,41.0,41.55,40.76,12595049.0,517574176.0
2012-10-10,40.23,41.01,41.43,39.86,17948772.0,724772544.0
2012-10-11,40.5,40.87,41.56,40.3,12617898.0,517636544.0
2012-10-12,41.1,40.6,41.4,40.38,9244836.0,376469216.0
2012-10-15,39.8,39.23,39.84,39.03,12917423.0,508104576.0
2012-10-16,38.67,39.19,39.54,38.66,9693985.0,378734848.0
2012-10-17,39.48,39.4,39.87,39.22,8162291.0,322682688.0
2012-10-18,39.39,39.68,39.83,39.21,8843171.0,349665568.0
2012-10-19,39.45,38.89,39.46,38.82,10380443.0,405540608.0
2012-10-22,38.2,38.89,39.1,38.11,8677482.0,335074976.0
2012-10-23,38.71,39.02,39.57,38.68,8423249.0,329711968.0
2012-10-24,38.58,38.81,38.97,38.47,5260864.0,203727360.0
2012-10-25,38.81,38.73,38.97,38.15,8937298.0,344533728.0
2012-10-26,38.88,37.52,38.88,37.5,9711154.0,368344992.0
2012-10-29,37.51,37.96,38.5,37.51,7829216.0,298439104.0
2012-10-30,37.8,38.14,38.5,37.71,6795810.0,258722336.0
2012-10-31,38.0,37.14,38.0,36.5,12032961.0,448242368.0
2012-11-01,37.5,38.27,38.28,37.36,10140747.0,384077856.0
2012-11-02,38.0,37.91,38.2,37.57,7684685.0,290792032.0
2012-11-05,36.78,37.11,37.3,36.5,11755628.0,432877472.0
2012-11-06,37.14,37.6,37.8,36.5,10116327.0,375428864.0
2012-11-07,38.0,38.89,39.2,38.0,20354824.0,786958272.0
2012-11-08,38.4,38.34,39.1,38.24,9695204.0,373596352.0
2012-11-09,38.55,38.55,39.09,38.41,8404349.0,325574816.0
2012-11-12,38.61,38.27,38.75,38.0,6826195.0,261313696.0
2012-11-13,37.99,37.21,37.99,37.2,7287131.0,272493760.0
2012-11-14,37.07,37.23,37.47,36.95,3814493.0,141792080.0
2012-11-15,37.23,36.8,37.48,36.8,4024336.0,149367808.0
2012-11-16,36.6,36.01,36.6,35.71,7001217.0,251731392.0
2012-11-19,36.21,36.39,36.47,36.0,5344210.0,193548848.0
2012-11-20,36.99,36.45,37.2,36.4,5416721.0,199509936.0
2012-11-21,36.33,36.66,36.75,35.8,5049678.0,183635072.0
2012-11-22,36.75,36.58,37.03,36.4,3915626.0,143906048.0
2012-11-23,36.8,36.84,36.98,36.35,4437238.0,163074176.0
2012-11-26,37.35,37.54,37.88,37.35,9008313.0,338793216.0
2012-11-27,37.5,37.42,37.96,37.33,7556752.0,284313344.0
2012-11-28,36.9,36.79,36.96,36.33,6865995.0,251961504.0
2012-11-29,36.06,36.47,36.8,36.04,5673490.0,207093328.0
2012-11-30,36.52,36.86,36.91,36.42,6303567.0,230735088.0
2012-12-03,36.59,35.55,36.59,35.5,8814195.0,316187840.0
2012-12-04,35.29,35.0,35.29,34.2,10083065.0,348625280.0
2012-12-05,34.2,35.9,36.27,34.18,10252665.0,364364896.0
2012-12-06,35.5,34.98,35.79,34.82,7988122.0,280733408.0
2012-12-07,34.99,36.39,36.47,34.99,12657946.0,456392928.0
2012-12-10,36.4,36.57,36.68,35.99,12010947.0,436069696.0
2012-12-11,36.55,36.13,36.65,36.0,8406315.0,304560288.0
2012-12-12,36.15,37.32,37.39,35.85,18372568.0,674821056.0
2012-12-13,37.3,35.93,37.3,35.9,17645796.0,642782336.0
2012-12-14,35.6,36.93,37.18,35.56,19096578.0,699087872.0
2012-12-17,36.78,36.96,37.37,36.5,14309301.0,528162464.0
2012-12-18,37.1,37.39,37.5,36.8,12198805.0,454027712.0
2012-12-19,36.55,36.53,36.65,36.1,16095939.0,585223232.0
2012-12-20,36.28,36.2,36.29,35.35,19653532.0,704172032.0
2012-12-21,35.65,35.89,36.1,35.49,15148109.0,542113408.0
2012-12-24,35.9,36.09,36.18,35.71,10249168.0,368058176.0
2012-12-25,35.98,36.49,36.62,35.55,17537300.0,636655424.0
2012-12-26,36.45,37.19,37.88,36.28,22132452.0,821399616.0
2012-12-27,37.19,37.52,37.69,36.51,22558494.0,838102144.0
2012-12-28,37.5,37.75,38.12,37.25,20008040.0,756044224.0
2012-12-31,37.78,38.16,38.26,37.51,14760573.0,560911040.0
2013-01-04,37.8,37.14,37.98,37.0,24649438.0,921653760.0
2013-01-07,37.08,36.52,37.08,36.26,27513356.0,1002539776.0
2013-01-08,36.3,36.67,36.68,36.0,15958480.0,579433600.0
2013-01-09,36.81,36.68,37.04,36.55,14085775.0,517511520.0
2013-01-10,36.42,37.0,37.22,36.3,16400253.0,603642496.0
2013-01-11,37.5,36.43,37.59,36.35,14264629.0,525774272.0
2013-01-14,36.0,37.08,37.23,35.88,21223324.0,778965440.0
2013-01-15,37.15,37.66,37.89,36.9,24503520.0,917561408.0
2013-01-16,37.98,38.69,38.85,37.71,36019168.0,1380840320.0
2013-01-17,38.76,37.91,38.81,37.9,19385476.0,739662656.0
2013-01-18,38.4,38.55,38.86,38.0,18975708.0,729686528.0
2013-01-21,38.62,38.42,39.0,38.12,13257355.0,509972768.0
2013-01-22,38.49,37.81,38.49,37.5,12768462.0,482460736.0
2013-01-23,37.93,37.57,37.99,37.15,8793816.0,330008928.0
2013-01-24,37.3,36.65,37.73,36.48,17264744.0,639166144.0
2013-01-25,36.49,36.69,37.0,36.2,9587577.0,350923456.0
2013-01-28,36.71,36.92,36.96,36.38,14038895.0,516259168.0
2013-01-29,37.0,37.6,37.75,36.52,19949412.0,740906560.0
2013-01-30,37.53,36.98,37.57,36.77,15319386.0,568099392.0
2013-01-31,37.55,37.36,37.97,37.32,16556245.0,622849984.0
2013-02-01,37.05,37.09,37.15,36.55,15203868.0,559667968.0
2013-02-04,37.39,37.86,37.94,36.86,23342346.0,875217088.0
2013-02-05,37.65,37.82,38.24,37.48,17728788.0,672074496.0
2013-02-06,37.85,37.79,38.15,37.7,12625250.0,478511456.0
2013-02-07,37.89,38.56,38.79,37.71,25523932.0,979910144.0
2013-02-08,38.31,38.4,38.75,38.08,15187212.0,583310080.0
2013-02-18,36.99,36.7,37.0,36.43,35936244.0,1320468608.0
2013-02-19,36.5,36.13,36.67,36.05,18144822.0,658649920.0
2013-02-20,36.08,36.47,36.55,36.03,10285865.0,373552096.0
2013-02-21,35.6,34.86,35.6,34.69,27238888.0,952068992.0
2013-02-22,34.81,35.21,35.38,34.81,10433078.0,366145952.0
2013-02-25,35.18,35.16,35.29,35.03,7092949.0,249237392.0
2013-02-26,35.35,34.75,35.57,34.71,13719974.0,481497440.0
2013-02-27,35.23,35.1,35.49,34.95,8758547.0,307661728.0
2013-02-28,35.01,35.3,35.35,34.69,12262578.0,429774944.0
2013-03-01,34.9,35.0,35.03,34.78,10928608.0,381334880.0
2013-03-04,34.98,34.33,35.31,34.2,12377047.0,429828096.0
2013-03-05,34.6,34.66,34.7,34.34,11404824.0,393968384.0
2013-03-06,34.72,34.6,34.87,34.4,11533954.0,398520544.0
2013-03-07,34.59,34.73,34.85,34.26,11760508.0,406987328.0
2013-03-08,34.67,34.4,34.67,34.37,7679951.0,264814240.0
2013-03-11,34.4,34.44,34.57,34.25,4885421.0,168067200.0
2013-03-12,34.44,33.85,34.68,33.6,9680404.0,330774304.0
2013-03-13,34.05,34.02,34.35,33.9,6002396.0,204732912.0
2013-03-14,33.85,33.47,34.0,33.46,7273747.0,244605504.0
2013-03-15,33.5,33.2,33.8,33.12,7675900.0,256538464.0
2013-03-18,33.25,33.08,33.5,33.03,6581785.0,218582032.0
2013-03-19,33.29,33.59,33.72,33.27,6936345.0,232118848.0
2013-03-20,33.86,34.16,34.24,33.5,10616737.0,359809696.0
2013-03-21,34.14,33.97,34.19,33.82,7316236.0,248788000.0
2013-03-22,34.18,34.18,34.49,33.99,6624387.0,226589936.0
2013-03-25,34.1,33.81,34.29,33.68,5713495.0,193475968.0
2013-03-26,33.82,33.31,33.85,33.09,6811200.0,226781456.0
2013-03-27,33.29,33.07,33.4,33.03,6419996.0,212860496.0
2013-03-28,33.1,33.34,33.88,32.91,12643426.0,423445824.0
2013-03-29,33.13,32.9,33.13,32.82,6337032.0,208655520.0
2013-04-01,32.7,32.05,32.7,31.91,9627023.0,309665056.0
2013-04-02,32.15,32.13,32.49,32.09,4503942.0,145200768.0
2013-04-03,32.13,32.13,32.13,32.13,0.0,0.0
2013-04-08,32.13,32.13,32.13,32.13,0.0,0.0
2013-04-09,32.13,32.13,32.13,32.13,0.0,0.0
2013-04-10,32.13,32.13,32.13,32.13,0.0,0.0
2013-04-11,32.13,32.13,32.13,32.13,0.0,0.0
2013-04-12,32.13,32.13,32.13,32.13,0.0,0.0
2013-04-15,32.13,32.13,32.13,32.13,0.0,0.0
2013-04-16,32.13,32.13,32.13,32.13,0.0,0.0
2013-04-17,32.13,32.13,32.13,32.13,0.0,0.0
2013-04-18,32.13,32.13,32.13,32.13,0.0,0.0
2013-04-19,32.13,32.13,32.13,32.13,0.0,0.0
2013-04-22,32.13,32.13,32.13,32.13,0.0,0.0
2013-04-23,32.13,32.13,32.13,32.13,0.0,0.0
2013-04-24,32.13,32.13,32.13,32.13,0.0,0.0
2013-04-25,32.13,32.13,32.13,32.13,0.0,0.0
2013-04-26,32.13,32.13,32.13,32.13,0.0,0.0
2013-05-02,32.13,32.13,32.13,32.13,0.0,0.0
2013-05-03,32.13,32.13,32.13,32.13,0.0,0.0
2013-05-06,32.13,32.13,32.13,32.13,0.0,0.0
2013-05-07,32.13,32.13,32.13,32.13,0.0,0.0
2013-05-08,32.13,32.13,32.13,32.13,0.0,0.0
2013-05-09,32.13,32.13,32.13,32.13,0.0,0.0
2013-05-10,32.13,32.13,32.13,32.13,0.0,0.0
2013-05-13,32.13,32.13,32.13,32.13,0.0,0.0
2013-05-14,32.13,32.13,32.13,32.13,0.0,0.0
2013-05-15,32.13,32.13,32.13,32.13,0.0,0.0
2013-05-16,32.13,32.13,32.13,32.13,0.0,0.0
2013-05-17,32.13,32.13,32.13,32.13,0.0,0.0
2013-05-20,32.13,32.13,32.13,32.13,0.0,0.0
2013-05-21,32.13,32.13,32.13,32.13,0.0,0.0
2013-05-22,32.13,32.13,32.13,32.13,0.0,0.0
2013-05-23,32.13,32.13,32.13,32.13,0.0,0.0
2013-05-24,32.13,32.13,32.13,32.13,0.0,0.0
2013-05-27,32.13,32.13,32.13,32.13,0.0,0.0
2013-05-28,32.13,32.13,32.13,32.13,0.0,0.0
2013-05-29,32.13,32.13,32.13,32.13,0.0,0.0
2013-05-30,32.13,32.13,32.13,32.13,0.0,0.0
2013-05-31,32.13,32.13,32.13,32.13,0.0,0.0
2013-06-03,32.13,32.13,32.13,32.13,0.0,0.0
2013-06-04,32.13,32.13,32.13,32.13,0.0,0.0
2013-06-05,32.13,32.13,32.13,32.13,0.0,0.0
2013-06-06,32.13,32.13,32.13,32.13,0.0,0.0
2013-06-07,32.13,32.13,32.13,32.13,0.0,0.0
2013-06-13,32.13,32.13,32.13,32.13,0.0,0.0
2013-06-14,32.13,32.13,32.13,32.13,0.0,0.0
2013-06-17,32.13,32.13,32.13,32.13,0.0,0.0
2013-06-18,32.13,32.13,32.13,32.13,0.0,0.0
2013-06-19,32.13,32.13,32.13,32.13,0.0,0.0
2013-06-20,32.13,32.13,32.13,32.13,0.0,0.0
2013-06-21,32.13,32.13,32.13,32.13,0.0,0.0
2013-06-24,32.13,32.13,32.13,32.13,0.0,0.0
2013-06-25,32.13,32.13,32.13,32.13,0.0,0.0
2013-06-26,32.13,32.13,32.13,32.13,0.0,0.0
2013-06-27,32.13,32.13,32.13,32.13,0.0,0.0
2013-06-28,32.13,32.13,32.13,32.13,0.0,0.0
2013-07-01,28.77,28.77,28.77,28.77,1443300.0,41523740.0
2013-07-02,25.89,25.89,25.89,25.89,4279400.0,110793664.0
2013-07-03,23.3,23.99,24.7,23.3,71539512.0,1705451648.0
2013-07-04,23.25,23.42,23.72,22.89,43844296.0,1021956032.0
2013-07-05,23.1,23.64,24.2,23.01,35080376.0,829918080.0
2013-07-08,22.7,21.41,22.84,21.39,34271748.0,756174464.0
2013-07-09,21.59,21.61,21.96,21.41,17330132.0,375995168.0
2013-07-10,21.56,21.92,21.98,21.1,24238862.0,521556608.0
2013-07-11,22.41,23.36,23.6,22.2,40879896.0,933967872.0
2013-07-12,23.29,22.5,23.29,22.39,29602228.0,676947840.0
2013-07-15,22.62,22.61,22.96,22.44,16002682.0,362771008.0
2013-07-16,22.5,22.39,22.5,22.03,15037891.0,334398560.0
2013-07-17,22.42,22.16,22.68,22.12,16259809.0,364122528.0
2013-07-18,21.99,21.35,21.99,21.33,18833770.0,404807424.0
2013-07-19,21.35,21.01,21.55,21.0,14261226.0,302770912.0
2013-07-22,21.32,22.04,22.06,21.16,18246632.0,395269696.0
2013-07-23,22.5,22.48,23.33,22.41,28995856.0,660596224.0
2013-07-24,22.4,21.99,22.62,21.7,16677093.0,368414656.0
2013-07-25,21.68,21.69,22.07,21.4,13741046.0,297168064.0
2013-07-26,21.73,21.7,21.9,21.52,8416686.0,182770192.0
2013-07-29,21.5,21.16,21.55,21.15,8861322.0,188332816.0
2013-07-30,21.18,21.33,21.77,21.18,7771423.0,166475760.0
2013-07-31,21.36,21.49,21.7,21.36,6429714.0,138149616.0
2013-08-01,21.57,21.75,21.88,21.46,10493790.0,227735600.0
2013-08-02,21.59,21.4,21.74,21.4,13273702.0,285592160.0
2013-08-05,21.5,21.62,21.63,21.35,10400643.0,223785392.0
2013-08-06,21.5,21.53,21.59,21.3,11398406.0,244362208.0
2013-08-07,21.3,21.35,21.46,21.21,10609969.0,226356224.0
2013-08-08,21.33,21.4,21.5,21.31,8951510.0,191482592.0
2013-08-09,21.69,22.04,22.17,21.53,29193296.0,638550144.0
2013-08-12,22.33,22.98,23.25,21.93,37532320.0,849469184.0
2013-08-13,23.05,22.85,23.16,22.66,20254704.0,463839936.0
2013-08-14,22.5,22.49,22.75,22.35,21692594.0,487607168.0
2013-08-15,22.65,22.61,23.16,22.57,19277044.0,440249184.0
2013-08-16,23.0,22.66,23.45,22.62,33970288.0,782220352.0
2013-08-19,22.73,22.65,22.89,22.4,15866590.0,359017856.0
2013-08-20,22.47,22.11,22.55,22.02,15371774.0,342328704.0
2013-08-21,22.25,22.32,22.39,22.05,8192283.0,182198592.0
2013-08-22,22.1,21.89,22.23,21.84,11211980.0,246697888.0
2013-08-23,22.02,21.83,22.15,21.43,9325428.0,203311136.0
2013-08-26,22.1,22.31,22.43,22.1,11674475.0,260575600.0
2013-08-27,22.37,22.98,22.99,22.36,21479388.0,487788736.0
2013-08-28,23.58,25.28,25.28,23.58,64589036.0,1603371648.0
2013-08-29,26.2,25.2,26.2,24.8,57981464.0,1469410432.0
2013-08-30,25.1,24.64,25.1,24.0,34203012.0,833299840.0
2013-09-02,24.2,24.89,25.2,23.9,30975540.0,764740288.0
2013-09-03,24.25,24.31,24.49,24.01,20530784.0,498125120.0
2013-09-04,24.81,24.55,25.0,24.34,24064214.0,592970112.0
2013-09-05,24.05,23.8,24.1,23.6,20358228.0,484969792.0
2013-09-06,23.3,24.09,24.1,23.2,16483650.0,391573280.0
2013-09-09,24.17,24.43,24.46,23.82,19705480.0,476413792.0
2013-09-10,24.22,24.09,24.24,23.76,23789112.0,568556160.0
2013-09-11,23.68,23.8,23.95,23.31,24999396.0,592185472.0
2013-09-12,23.75,23.27,23.75,23.18,20283556.0,474106112.0
2013-09-13,22.82,22.91,23.07,22.75,18910996.0,432685280.0
2013-09-16,23.01,23.01,23.36,22.94,13348797.0,308692800.0
2013-09-17,22.9,22.28,22.9,22.26,14228434.0,320416320.0
2013-09-18,22.17,22.51,22.65,22.03,9627935.0,214336816.0
2013-09-23,22.81,22.77,22.94,22.6,12904831.0,293668160.0
2013-09-24,22.73,22.19,22.73,22.14,12409598.0,277237760.0
2013-09-25,22.26,22.29,22.3,22.0,12349621.0,273580064.0
2013-09-26,22.38,22.02,22.48,22.01,9571455.0,212224000.0
2013-09-27,21.91,21.82,21.96,21.7,8311674.0,181421120.0
2013-09-30,21.88,22.17,22.21,21.88,6705562.0,148090064.0
2013-10-08,22.17,22.25,22.26,21.81,8979051.0,198063984.0
2013-10-09,22.25,22.14,22.25,22.0,8544830.0,188735376.0
2013-10-10,21.9,21.79,21.9,21.69,11997638.0,261256944.0
2013-10-11,21.71,21.93,21.96,21.55,13474318.0,293473600.0
2013-10-14,21.65,21.72,21.75,21.53,10974676.0,237351216.0
2013-10-15,21.71,21.86,21.96,21.58,10874884.0,236636592.0
2013-10-16,21.76,22.5,22.77,21.55,24290928.0,539260864.0
2013-10-17,22.27,21.79,22.27,21.72,14351789.0,314200832.0
2013-10-18,22.5,22.1,22.65,22.0,14349754.0,319287680.0
2013-10-21,22.0,22.13,22.22,21.8,11861893.0,260942816.0
2013-10-22,22.05,21.91,22.05,21.81,8802564.0,192659040.0
2013-10-23,22.26,22.01,22.38,21.94,13043382.0,288931264.0
2013-10-24,21.9,21.8,21.92,21.71,7546872.0,164429856.0
2013-10-25,21.92,21.43,21.98,21.36,8747390.0,189090944.0
2013-10-28,21.5,21.44,21.58,21.3,5611415.0,120178944.0
2013-10-29,21.49,20.98,21.54,20.75,10634326.0,224936720.0
2013-10-30,20.8,20.99,21.02,20.65,7168603.0,149412560.0
2013-10-31,20.8,20.56,20.8,20.52,8360870.0,172130208.0
2013-11-01,20.42,20.39,20.49,20.02,7996758.0,161972640.0
2013-11-04,20.34,20.37,20.44,20.23,5489607.0,111631056.0
2013-11-05,20.38,20.38,20.39,20.16,4658208.0,94476944.0
2013-11-06,20.3,20.24,20.38,20.18,5037490.0,102043176.0
2013-11-07,20.28,20.39,20.49,20.23,6288639.0,128058856.0
2013-11-08,20.25,20.01,20.34,20.0,6294853.0,126737720.0
2013-11-11,19.77,19.59,19.77,19.5,7709566.0,151256288.0
2013-11-12,19.62,19.74,19.75,19.47,6649860.0,130472168.0
2013-11-13,19.59,19.4,19.59,19.39,5942052.0,115734136.0
2013-11-14,19.46,19.43,19.54,19.31,6321368.0,122876104.0
2013-11-15,19.48,19.73,19.82,19.47,9405413.0,185197680.0
2013-11-18,19.72,20.06,20.09,19.62,11638379.0,230702560.0
2013-11-19,19.88,19.84,19.93,19.75,7932701.0,157334256.0
2013-11-20,19.98,19.84,20.0,19.74,7040311.0,139559312.0
2013-11-21,19.58,19.5,19.58,19.39,9900364.0,192576624.0
2013-11-22,19.48,19.86,20.11,19.39,13252666.0,261888976.0
2013-11-25,19.65,19.51,19.8,19.47,8891226.0,174895200.0
2013-11-26,19.63,19.64,19.76,19.52,5516314.0,108220720.0
2013-11-27,19.58,19.6,19.63,19.44,7955386.0,155356992.0
2013-11-28,19.6,19.86,20.15,19.51,16705239.0,331790944.0
2013-11-29,19.8,19.74,19.93,19.69,9715368.0,191891872.0
2013-12-02,19.68,19.41,19.73,19.37,10463459.0,203947696.0
2013-12-03,19.19,19.4,19.46,19.14,8467035.0,163120608.0
2013-12-04,19.36,19.5,19.53,19.25,9539938.0,185424192.0
2013-12-05,19.71,19.54,19.77,19.5,8988309.0,176399760.0
2013-12-06,19.42,19.45,19.49,19.33,5981760.0,116129304.0
2013-12-09,19.45,19.61,19.73,19.4,7700928.0,150806688.0
2013-12-10,19.65,19.6,19.68,19.44,8056843.0,157395760.0
2013-12-11,19.76,19.56,19.86,19.52,10453840.0,205887424.0
2013-12-12,19.5,19.37,19.52,19.34,7518747.0,145793856.0
2013-12-13,19.15,19.12,19.18,19.02,8417392.0,160819904.0
2013-12-16,19.08,18.86,19.16,18.74,10646092.0,201617344.0
2013-12-17,18.92,18.8,18.95,18.72,5510153.0,103661968.0
2013-12-18,18.79,18.56,18.79,18.4,7765903.0,144008368.0
2013-12-19,18.5,18.35,18.64,18.33,5842759.0,108044744.0
2013-12-20,18.07,17.43,18.07,17.41,15080009.0,265638176.0
2013-12-23,17.45,17.14,17.5,17.07,6593053.0,113425208.0
2013-12-24,17.1,17.18,17.28,17.04,4810795.0,82634608.0
2013-12-25,17.21,17.25,17.26,17.07,5570513.0,95589944.0
2013-12-26,17.25,17.25,17.25,17.25,0.0,0.0
2013-12-27,17.25,17.25,17.25,17.25,0.0,0.0
2013-12-30,17.25,17.25,17.25,17.25,0.0,0.0
2013-12-31,17.25,17.25,17.25,17.25,0.0,0.0
2014-01-02,17.52,18.05,18.35,17.52,19955194.0,358442592.0
2014-01-03,18.1,18.06,18.26,17.95,9168014.0,165706512.0
2014-01-06,18.07,17.48,18.2,17.35,8496465.0,151016240.0
2014-01-07,17.4,17.35,17.49,17.24,5815874.0,100878392.0
2014-01-08,17.25,16.67,17.29,16.62,12227468.0,206184144.0
2014-01-09,16.61,16.46,16.7,16.37,9579635.0,158084112.0
2014-01-10,16.47,16.49,16.8,16.44,10061679.0,166900768.0
2014-01-13,16.58,16.47,16.93,16.42,9831383.0,163874096.0
2014-01-14,16.55,16.25,16.55,16.12,11799448.0,191412496.0
2014-01-15,16.18,15.83,16.2,15.75,11712313.0,186059776.0
2014-01-16,15.76,15.89,16.15,15.54,11948188.0,189455696.0
2014-01-17,15.73,15.33,15.73,15.32,9881607.0,153460128.0
2014-01-20,15.4,15.46,15.59,15.35,6507095.0,100657736.0
2014-01-21,15.36,15.48,15.64,15.35,6076859.0,94332232.0
2014-01-22,15.4,15.86,16.0,15.37,10013502.0,158036656.0
2014-01-23,15.81,15.85,16.06,15.72,9406267.0,149743552.0
2014-01-24,16.18,16.31,16.45,16.02,15553306.0,252753024.0
2014-01-27,16.35,16.73,16.94,16.28,16871306.0,280749024.0
2014-01-28,16.58,16.38,16.68,16.28,8859681.0,145332768.0
2014-01-29,16.2,16.25,16.46,16.16,7242842.0,117991696.0
2014-01-30,16.45,16.49,16.7,16.25,8170391.0,134523920.0
2014-02-07,16.35,16.23,16.35,16.0,8105974.0,130680784.0
2014-02-10,16.27,16.67,16.68,16.16,12081885.0,199104272.0
2014-02-11,16.81,17.25,17.47,16.73,23105886.0,395204192.0
2014-02-12,17.25,17.24,17.45,17.1,15950604.0,274722240.0
2014-02-13,17.18,17.29,17.85,17.13,28756900.0,502474240.0
2014-02-14,17.52,17.38,17.66,17.27,13289018.0,231216064.0
2014-02-17,17.95,17.81,18.0,17.71,20548524.0,366159584.0
2014-02-18,17.81,17.27,17.81,17.25,18440250.0,322782400.0
2014-02-19,17.29,17.48,17.61,17.29,11777246.0,205885968.0
2014-02-20,17.43,17.17,17.49,17.12,9437033.0,163315376.0
2014-02-21,17.2,16.88,17.29,16.71,10092400.0,171708000.0
2014-02-24,16.98,16.62,16.98,16.51,8519586.0,141864432.0
2014-02-25,16.85,16.58,17.08,16.48,11533063.0,193868624.0
2014-02-26,16.77,18.24,18.24,16.66,46462020.0,821183552.0
2014-02-27,17.93,17.95,18.16,17.58,40440648.0,722928320.0
2014-02-28,17.81,18.85,19.16,17.75,50732984.0,948501120.0
2014-03-03,19.15,19.39,19.48,18.65,37126696.0,710042944.0
2014-03-04,19.78,18.93,20.18,18.9,49784032.0,976741568.0
2014-03-05,18.5,18.37,18.5,18.05,29359208.0,535958240.0
2014-03-06,18.23,18.12,18.47,17.9,16942988.0,307659680.0
2014-03-07,18.45,18.52,18.73,18.23,23009556.0,425682432.0
2014-03-10,17.9,17.28,17.9,17.03,23910812.0,418331616.0
2014-03-11,17.29,17.52,17.64,17.17,10913666.0,190295200.0
2014-03-12,17.75,18.46,18.49,17.65,25687284.0,466060928.0
2014-03-13,18.83,18.39,19.2,18.3,23074900.0,432290912.0
2014-03-14,18.66,18.58,18.94,18.16,17353100.0,321641504.0
2014-03-17,18.88,18.88,18.97,18.41,16474976.0,308077376.0
2014-03-18,18.38,18.11,18.38,17.8,22078328.0,398470848.0
2014-03-19,17.92,17.72,17.92,17.6,13069502.0,231374144.0
2014-03-20,17.03,17.03,17.28,16.88,16981990.0,290458240.0
2014-03-21,16.98,17.22,17.33,16.58,14371005.0,243589440.0
2014-03-24,17.2,17.05,17.2,16.81,12493817.0,212091824.0
2014-03-25,16.7,16.97,17.0,16.61,10793183.0,181502720.0
2014-03-26,16.96,17.09,17.25,16.91,8229508.0,140509296.0
2014-03-27,16.9,16.7,16.96,16.64,10792581.0,180964208.0
2014-03-28,16.6,16.55,16.71,16.51,9540690.0,158300736.0
2014-03-31,16.59,16.74,16.85,16.56,7149535.0,119495256.0
2014-04-01,16.56,16.76,16.84,16.5,5558836.0,92636256.0
2014-04-02,16.77,16.85,16.91,16.73,5926443.0,99663936.0
2014-04-03,16.9,16.89,17.12,16.84,7747229.0,131415680.0
2014-04-04,16.76,16.81,16.85,16.57,6363556.0,106354224.0
2014-04-08,16.72,17.26,17.28,16.72,13482782.0,229925920.0
2014-04-09,17.28,17.3,17.46,17.12,12341215.0,213375216.0
2014-04-10,17.36,17.35,17.41,17.14,11715089.0,202345664.0
2014-04-11,17.35,17.32,17.54,17.26,11760056.0,204454336.0
2014-04-14,17.45,17.42,17.56,17.25,8652720.0,150594944.0
2014-04-15,17.3,16.87,17.3,16.83,11729727.0,199345584.0
2014-04-16,16.56,16.72,16.79,16.49,8031431.0,133826432.0
2014-04-17,16.7,16.7,16.83,16.65,4359331.0,72856248.0
2014-04-18,16.6,16.72,16.73,16.54,4682096.0,77896920.0
2014-04-21,16.56,16.49,16.65,16.48,6109820.0,101067424.0
2014-04-22,16.45,16.45,16.51,16.21,5577160.0,91233384.0
2014-04-23,16.41,16.33,16.5,16.29,4237882.0,69387968.0
2014-04-24,16.34,16.58,16.7,16.32,7109309.0,117954608.0
2014-04-25,16.67,16.47,16.8,16.44,6146437.0,102194304.0
2014-04-28,16.58,16.03,16.67,15.91,9324948.0,152039008.0
2014-04-29,16.0,15.92,16.04,15.78,5795593.0,92063472.0
2014-04-30,15.79,16.05,16.07,15.5,5733791.0,90818024.0
2014-05-05,16.16,16.14,16.38,16.03,7465521.0,120811680.0
2014-05-06,16.15,15.99,16.2,15.93,5863173.0,94115904.0
2014-05-07,15.84,15.82,15.99,15.76,5305768.0,84034912.0
2014-05-08,15.68,15.76,15.9,15.53,5662029.0,88992944.0
2014-05-09,15.82,15.88,15.97,15.75,5203232.0,82549824.0
2014-05-12,15.93,16.52,16.62,15.89,14912189.0,244184416.0
2014-05-13,16.51,16.25,16.55,16.19,7389687.0,120757320.0
2014-05-14,16.29,16.16,16.3,16.1,3517792.0,56882652.0
2014-05-15,16.26,16.01,16.36,16.0,4414778.0,71252960.0
2014-05-16,15.91,15.9,15.99,15.8,3710863.0,58973404.0
2014-05-19,15.88,15.82,15.88,15.72,3286573.0,51934888.0
2014-05-20,15.91,15.75,15.98,15.73,4180357.0,66198544.0
2014-05-21,15.78,15.82,15.89,15.66,2936294.0,46404056.0
2014-05-22,15.82,15.79,16.05,15.78,3573530.0,56743976.0
2014-05-23,15.73,15.91,15.92,15.73,2993222.0,47448292.0
2014-05-26,15.95,15.84,16.0,15.8,4340878.0,68803984.0
2014-05-27,15.84,15.78,15.9,15.75,3812938.0,60315316.0
2014-05-28,15.58,15.67,15.68,15.48,7885856.0,122863120.0
2014-05-29,15.65,15.45,15.65,15.44,6310233.0,98003064.0
2014-05-30,15.41,15.46,15.55,15.41,3705943.0,57375812.0
2014-06-03,15.44,15.53,15.54,15.32,5522697.0,85092320.0
2014-06-04,15.5,15.39,15.5,15.35,3634128.0,55959912.0
2014-06-05,15.36,15.43,15.44,15.34,4586952.0,70570160.0
2014-06-06,15.55,15.44,15.6,15.35,4073711.0,62962092.0
2014-06-09,15.36,15.27,15.43,15.25,5014431.0,76769504.0
2014-06-10,15.26,15.39,15.39,15.2,4901288.0,74962832.0
2014-06-11,15.39,15.42,15.42,15.34,3857406.0,59337692.0
2014-06-12,15.45,15.33,15.45,15.32,3706403.0,56996848.0
2014-06-13,15.45,15.49,15.54,15.4,7630894.0,118011896.0
2014-06-16,15.58,15.62,15.64,15.44,7348755.0,114235592.0
2014-06-17,15.53,15.35,15.54,15.34,6408715.0,98856072.0
2014-06-18,15.36,15.29,15.39,15.22,5271370.0,80536224.0
2014-06-19,15.3,15.2,15.35,15.05,5952049.0,90449048.0
2014-06-20,15.82,15.55,15.94,15.53,12857730.0,201434800.0
2014-06-23,15.53,15.74,15.88,15.38,10826709.0,169433888.0
2014-06-24,15.74,15.7,15.74,15.53,6859500.0,107252272.0
2014-06-25,15.69,15.62,15.69,15.45,4738159.0,73814032.0
2014-06-26,15.55,15.55,15.68,15.54,5639080.0,88003728.0
2014-06-27,15.53,15.46,15.57,15.36,6143256.0,94977800.0
2014-06-30,15.45,15.48,15.55,15.38,4524277.0,70076912.0
2014-07-01,15.65,15.88,16.29,15.62,16700137.0,266296512.0
2014-07-02,15.76,15.88,15.96,15.71,6214916.0,98336848.0
2014-07-03,15.85,15.92,16.16,15.82,8864131.0,141732912.0
2014-07-04,15.91,15.78,15.91,15.72,5666579.0,89383568.0
2014-07-07,15.75,15.6,15.75,15.57,4982898.0,77894536.0
2014-07-08,15.62,15.59,15.65,15.48,6184425.0,96051824.0
2014-07-09,15.56,15.7,15.87,15.51,8852801.0,138949696.0
2014-07-10,15.77,15.64,15.8,15.52,6314326.0,98721016.0
2014-07-11,15.85,15.88,16.04,15.8,10804233.0,171868720.0
2014-07-14,15.88,15.84,15.88,15.66,8031753.0,126622152.0
2014-07-15,15.6,15.71,15.72,15.56,10104419.0,157774912.0
2014-07-16,15.59,15.54,15.61,15.5,6040577.0,93862984.0
2014-07-17,15.52,15.55,15.62,15.48,4343204.0,67515112.0
2014-07-18,15.8,15.82,15.99,15.73,16512090.0,261896256.0
2014-07-21,15.7,15.63,15.7,15.55,7753239.0,121076136.0
2014-07-22,15.63,15.78,15.86,15.51,12064964.0,189989296.0
2014-07-23,15.73,15.89,16.11,15.7,11823215.0,187828576.0
2014-07-24,15.8,16.06,16.1,15.76,20295014.0,323902880.0
2014-07-25,15.97,16.38,16.56,15.92,31543510.0,514407648.0
2014-07-28,16.56,16.79,16.96,16.43,32521458.0,544490496.0
2014-07-29,16.78,16.63,16.82,16.51,23209380.0,385735200.0
2014-07-30,16.51,16.42,16.64,16.37,16776111.0,276570848.0
2014-07-31,16.38,16.55,16.65,16.38,7476927.0,123805056.0
2014-08-01,16.55,16.55,16.55,16.55,0.0,0.0
2014-08-04,16.55,16.55,16.55,16.55,0.0,0.0
2014-08-05,16.55,16.55,16.55,16.55,0.0,0.0
2014-08-06,16.55,16.55,16.55,16.55,0.0,0.0
2014-08-07,16.55,16.55,16.55,16.55,0.0,0.0
2014-08-08,16.55,16.55,16.55,16.55,0.0,0.0
2014-08-11,16.55,16.55,16.55,16.55,0.0,0.0
2014-08-12,16.55,16.55,16.55,16.55,0.0,0.0
2014-08-13,16.55,16.55,16.55,16.55,0.0,0.0
2014-08-14,16.55,16.55,16.55,16.55,0.0,0.0
2014-08-15,16.55,16.55,16.55,16.55,0.0,0.0
2014-08-18,16.55,16.55,16.55,16.55,0.0,0.0
2014-08-19,16.55,16.55,16.55,16.55,0.0,0.0
2014-08-20,16.55,16.55,16.55,16.55,0.0,0.0
2014-08-21,16.55,16.55,16.55,16.55,0.0,0.0
2014-08-22,16.55,16.55,16.55,16.55,0.0,0.0
2014-08-25,16.55,16.55,16.55,16.55,0.0,0.0
2014-08-26,16.55,16.55,16.55,16.55,0.0,0.0
2014-08-27,16.55,16.55,16.55,16.55,0.0,0.0
2014-08-28,16.55,16.55,16.55,16.55,0.0,0.0
2014-08-29,16.55,16.55,16.55,16.55,0.0,0.0
2014-09-01,16.55,16.55,16.55,16.55,0.0,0.0
2014-09-02,16.55,16.55,16.55,16.55,0.0,0.0
2014-09-03,16.55,16.55,16.55,16.55,0.0,0.0
2014-09-04,16.55,16.55,16.55,16.55,0.0,0.0
2014-09-05,16.55,16.55,16.55,16.55,0.0,0.0
2014-09-09,16.55,16.55,16.55,16.55,0.0,0.0
2014-09-10,16.55,16.55,16.55,16.55,0.0,0.0
2014-09-11,16.55,16.55,16.55,16.55,0.0,0.0
2014-09-12,16.55,16.55,16.55,16.55,0.0,0.0
2014-09-15,16.55,16.55,16.55,16.55,0.0,0.0
2014-09-16,16.55,16.55,16.55,16.55,0.0,0.0
2014-09-17,16.55,16.55,16.55,16.55,0.0,0.0
2014-09-18,16.55,16.55,16.55,16.55,0.0,0.0
2014-09-19,16.55,16.55,16.55,16.55,0.0,0.0
2014-09-22,16.55,16.55,16.55,16.55,0.0,0.0
2014-09-23,16.55,16.55,16.55,16.55,0.0,0.0
2014-09-24,16.55,16.55,16.55,16.55,0.0,0.0
2014-09-25,16.55,16.55,16.55,16.55,0.0,0.0
2014-09-26,16.55,16.55,16.55,16.55,0.0,0.0
2014-09-29,16.55,16.55,16.55,16.55,0.0,0.0
2014-09-30,16.55,16.55,16.55,16.55,0.0,0.0
2014-10-08,16.55,16.55,16.55,16.55,0.0,0.0
2014-10-09,16.55,16.55,16.55,16.55,0.0,0.0
2014-10-10,16.55,16.55,16.55,16.55,0.0,0.0
2014-10-13,16.55,16.55,16.55,16.55,0.0,0.0
2014-10-14,16.55,16.55,16.55,16.55,0.0,0.0
2014-10-15,16.55,16.55,16.55,16.55,0.0,0.0
2014-10-16,16.55,16.55,16.55,16.55,0.0,0.0
2014-10-17,16.55,16.55,16.55,16.55,0.0,0.0
2014-10-20,16.55,16.55,16.55,16.55,0.0,0.0
2014-10-21,16.55,16.55,16.55,16.55,0.0,0.0
2014-10-22,16.55,16.55,16.55,16.55,0.0,0.0
2014-10-23,16.55,16.55,16.55,16.55,0.0,0.0
2014-10-24,16.55,16.55,16.55,16.55,0.0,0.0
2014-10-27,16.55,16.55,16.55,16.55,0.0,0.0
2014-10-28,16.55,16.55,16.55,16.55,0.0,0.0
2014-10-29,16.55,16.55,16.55,16.55,0.0,0.0
2014-10-30,16.55,16.55,16.55,16.55,0.0,0.0
2014-10-31,16.55,16.55,16.55,16.55,0.0,0.0
2014-11-03,16.55,16.55,16.55,16.55,0.0,0.0
2014-11-04,16.55,16.55,16.55,16.55,0.0,0.0
2014-11-05,16.55,16.55,16.55,16.55,0.0,0.0
2014-11-06,16.55,16.55,16.55,16.55,0.0,0.0
2014-11-07,16.55,16.55,16.55,16.55,0.0,0.0
2014-11-10,16.55,16.55,16.55,16.55,0.0,0.0
2014-11-11,16.55,16.55,16.55,16.55,0.0,0.0
2014-11-12,16.55,16.55,16.55,16.55,0.0,0.0
2014-11-13,16.55,16.55,16.55,16.55,0.0,0.0
2014-11-14,16.55,16.55,16.55,16.55,0.0,0.0
2014-11-17,16.55,16.55,16.55,16.55,0.0,0.0
2014-11-18,16.55,16.55,16.55,16.55,0.0,0.0
2014-11-19,16.55,16.55,16.55,16.55,0.0,0.0
2014-11-20,16.55,16.55,16.55,16.55,0.0,0.0
2014-11-21,16.55,16.55,16.55,16.55,0.0,0.0
2014-11-24,16.55,16.55,16.55,16.55,0.0,0.0
2014-11-25,16.55,16.55,16.55,16.55,0.0,0.0
2014-11-26,16.55,16.55,16.55,16.55,0.0,0.0
2014-11-27,16.55,16.55,16.55,16.55,0.0,0.0
2014-11-28,18.21,18.21,18.21,18.21,1924896.0,35052356.0
2014-12-01,19.3,18.86,19.99,18.81,97104352.0,1879883392.0
2014-12-02,19.76,19.59,20.03,19.32,58457080.0,1144527360.0
2014-12-03,19.1,20.83,21.46,18.99,83729480.0,1705814016.0
2014-12-04,20.8,21.02,21.29,20.4,65551620.0,1364281472.0
2014-12-05,21.0,20.15,21.0,19.48,54700236.0,1110601600.0
2014-12-08,19.8,20.42,21.0,19.6,46184376.0,932907712.0
2014-12-09,20.21,19.84,21.29,19.72,61961404.0,1280342400.0
2014-12-10,20.66,20.85,21.04,20.12,54093704.0,1119032576.0
2014-12-11,20.88,20.51,20.89,20.31,29622928.0,609362624.0
2014-12-12,20.48,20.45,20.77,20.31,21704400.0,445347520.0
2014-12-15,20.3,20.1,20.3,19.85,22241276.0,445003168.0
2014-12-16,19.8,20.01,20.03,19.71,27035808.0,537243776.0
2014-12-17,19.99,19.51,19.99,19.22,31019328.0,606845312.0
2014-12-18,19.4,19.71,19.95,19.35,24112552.0,475188864.0
2014-12-19,19.69,20.1,20.12,19.48,34602556.0,687190400.0
2014-12-22,20.2,20.7,20.87,20.2,54180892.0,1114481792.0
2014-12-23,20.25,19.69,20.27,19.6,25174466.0,501521440.0
2014-12-24,19.66,19.48,19.95,19.3,19012214.0,371119808.0
2014-12-25,19.5,19.67,19.76,19.4,14538108.0,284636160.0
2014-12-26,19.68,19.89,19.96,19.66,19964994.0,395441664.0
2014-12-29,20.1,19.99,20.6,19.8,27295452.0,552687040.0
2014-12-30,19.73,19.27,19.82,19.25,25093372.0,489138752.0
2014-12-31,19.53,19.85,20.1,19.52,25448168.0,504352064.0
2015-01-05,19.86,21.3,21.51,19.65,76007816.0,1586795520.0
2015-01-06,21.25,21.54,22.11,20.87,54585088.0,1171048064.0
2015-01-07,21.9,23.69,23.69,21.9,110581024.0,2573750016.0
2015-01-08,23.0,23.06,23.36,22.62,60138860.0,1383014528.0
2015-01-09,22.79,22.6,23.5,22.4,43094736.0,989660096.0
2015-01-12,22.93,22.9,23.19,22.6,37521192.0,859749376.0
2015-01-13,23.35,22.34,23.78,22.06,49485344.0,1138738816.0
2015-01-14,22.03,21.54,22.25,21.15,35341376.0,764272960.0
2015-01-15,21.6,21.94,21.98,21.22,22863942.0,495202848.0
2015-01-16,24.0,23.5,24.04,22.92,70678256.0,1661803008.0
2015-01-19,23.5,24.16,25.38,23.18,88782984.0,2175604992.0
2015-01-20,23.8,24.98,25.15,23.5,63165180.0,1547451648.0
2015-01-21,26.05,27.03,27.2,25.63,76877592.0,2020495616.0
2015-01-22,26.17,28.58,29.73,26.07,93861712.0,2644651008.0
2015-01-23,29.5,28.28,30.0,28.0,74022736.0,2141892352.0
2015-01-26,28.31,28.6,29.13,27.68,42597072.0,1213296512.0
2015-01-27,28.0,27.72,28.1,27.11,55642872.0,1532316032.0
2015-01-28,27.9,27.23,28.35,27.18,34026928.0,941299904.0
2015-01-29,26.66,26.19,26.66,25.61,43247272.0,1131101824.0
2015-01-30,25.33,25.65,26.44,25.3,35865808.0,923780224.0
2015-02-02,26.0,26.54,26.79,25.7,36443692.0,962065344.0
2015-02-03,26.6,26.58,26.62,25.65,30810928.0,802697728.0
2015-02-04,25.88,26.14,26.21,25.78,23148008.0,602265792.0
2015-02-05,26.6,25.64,26.7,25.58,24901912.0,649384640.0
2015-02-06,25.4,24.44,25.4,24.3,32443276.0,801535168.0
2015-02-09,23.72,23.68,23.84,22.8,34328752.0,803246848.0
2015-02-10,23.65,24.03,24.14,23.4,19913628.0,476428928.0
2015-02-11,23.89,24.15,24.57,23.6,19363772.0,466815200.0
2015-02-12,23.74,23.84,23.95,23.37,22075264.0,521822848.0
2015-02-13,24.01,24.44,24.96,23.89,27149196.0,663523136.0
2015-02-16,24.54,24.49,24.63,24.15,16275271.0,397110976.0
2015-02-17,24.47,24.56,24.67,24.4,15836980.0,388388928.0
2015-02-25,24.08,23.99,24.08,23.65,18999250.0,452941600.0
2015-02-26,23.97,25.03,25.07,23.7,26462052.0,647387264.0
2015-02-27,25.0,25.62,25.88,24.7,28594716.0,723173824.0
2015-03-02,25.89,26.2,26.6,25.89,28214824.0,741186304.0
2015-03-03,25.98,25.19,25.98,25.12,30975184.0,788400512.0
2015-03-04,24.98,25.24,25.38,24.58,18844996.0,472062560.0
2015-03-05,25.0,24.6,25.04,24.46,20681888.0,509516608.0
2015-03-06,24.39,24.73,24.99,24.3,16859968.0,415777792.0
2015-03-09,23.5,24.27,24.5,23.5,28282452.0,674863552.0
2015-03-10,24.15,24.04,24.29,23.91,15771847.0,379491456.0
2015-03-11,24.0,23.83,24.21,23.6,16792530.0,401536416.0
2015-03-12,23.84,24.44,24.5,23.6,25154800.0,604145344.0
2015-03-13,24.5,24.36,24.62,24.07,21379236.0,520427776.0
2015-03-16,24.37,24.92,24.98,24.18,27525960.0,677423168.0
2015-03-17,24.95,25.26,25.34,24.7,40658048.0,1018319232.0
2015-03-18,25.16,25.74,25.99,24.92,41678652.0,1066119488.0
2015-03-19,26.4,26.76,27.49,26.4,72913120.0,1955626240.0
2015-03-20,26.85,26.34,27.15,26.25,43423232.0,1148719488.0
2015-03-23,26.83,26.89,27.2,26.63,44426380.0,1196382080.0
2015-03-24,26.91,28.08,28.88,26.56,68694096.0,1900846208.0
2015-03-25,27.95,27.12,27.95,27.0,41807704.0,1146019840.0
2015-03-26,27.31,27.67,27.73,26.67,41134680.0,1120777216.0
2015-03-27,28.15,27.72,28.5,27.66,48536480.0,1359383040.0
2015-03-30,27.4,27.32,27.5,26.74,42138572.0,1141458432.0
2015-03-31,27.05,26.8,27.36,26.71,38556580.0,1042416512.0
2015-04-01,26.8,27.05,27.19,26.62,27872356.0,750463104.0
2015-04-02,27.69,27.53,27.89,27.1,42572972.0,1168296832.0
2015-04-03,27.29,27.21,27.49,26.96,36840032.0,1001659328.0
2015-04-07,27.7,28.35,28.41,27.56,66599488.0,1870448896.0
2015-04-08,28.33,27.78,28.33,27.4,46173524.0,1281596800.0
2015-04-09,27.53,26.85,27.62,26.52,40908480.0,1103586176.0
2015-04-10,26.68,27.14,27.17,26.5,30913060.0,832839616.0
2015-04-13,27.39,27.49,27.74,27.17,38962468.0,1069199872.0
2015-04-14,27.4,27.46,27.67,26.91,43216896.0,1180505984.0
2015-04-15,27.35,28.02,28.38,27.18,74293096.0,2075022080.0
2015-04-16,28.05,29.29,29.3,28.02,81544560.0,2338428928.0
2015-04-17,29.32,29.32,30.0,28.93,88316136.0,2606135808.0
2015-04-20,29.5,29.58,30.68,28.96,85137216.0,2530827520.0
2015-04-21,29.18,29.52,29.58,28.39,60481864.0,1754132224.0
2015-04-22,29.68,30.0,30.33,29.52,59778928.0,1789865984.0
2015-04-23,29.6,30.58,31.0,29.0,79350144.0,2378794240.0
2015-04-24,29.98,30.02,30.57,29.58,48142572.0,1445451008.0
2015-04-27,30.0,30.83,31.22,29.5,73956072.0,2236354304.0
2015-04-28,31.4,31.09,31.65,30.27,74464056.0,2311609600.0
2015-04-29,31.11,34.2,34.2,31.11,88310496.0,2952892672.0
2015-04-30,34.2,32.43,34.28,32.4,96230856.0,3194489344.0
2015-05-04,31.43,30.7,31.7,30.55,58894584.0,1819736448.0
2015-05-05,30.7,29.64,31.14,28.93,49004780.0,1469549440.0
2015-05-06,29.76,28.58,30.08,27.91,36802348.0,1084012160.0
2015-05-07,29.0,28.73,29.3,28.22,28330148.0,816091648.0
2015-05-08,28.89,28.97,29.18,28.3,25941052.0,747126592.0
2015-05-11,29.36,29.58,29.7,28.82,36037320.0,1057746432.0
2015-05-12,29.56,29.36,29.57,28.98,35435504.0,1036632192.0
2015-05-13,29.47,30.71,30.97,29.35,59505972.0,1802088704.0
2015-05-14,32.29,31.48,32.29,30.8,49188488.0,1540817024.0
2015-05-15,31.5,29.66,31.6,29.46,35715716.0,1082058368.0
2015-05-18,29.68,30.75,30.98,29.63,32243756.0,976644800.0
2015-05-19,30.24,30.76,31.16,30.02,33072390.0,1015201088.0
2015-05-20,30.41,30.18,30.76,29.92,41706928.0,1262767104.0
2015-05-21,30.12,30.27,30.3,29.8,31162586.0,935079424.0
2015-05-22,30.28,31.4,31.62,30.03,56112288.0,1738961280.0
2015-05-25,31.46,31.99,32.1,31.3,65681880.0,2082667776.0
2015-05-26,32.02,32.57,32.6,31.2,68274232.0,2188349696.0
2015-05-27,32.12,32.24,32.5,31.63,56809536.0,1818519808.0
2015-05-28,32.0,29.13,32.12,29.1,59238304.0,1838481024.0
2015-05-29,29.07,28.55,29.49,27.8,41016328.0,1178235904.0
2015-06-01,28.61,29.7,29.77,28.56,36191548.0,1055569536.0
2015-06-02,29.6,29.74,29.78,29.1,39449472.0,1162422656.0
2015-06-03,29.76,29.93,30.49,29.33,38456580.0,1150807936.0
2015-06-04,29.5,29.46,29.63,27.85,41542440.0,1205716096.0
2015-06-05,29.48,30.82,31.08,29.45,67885024.0,2067687552.0
2015-06-08,30.9,31.44,31.56,30.47,55501552.0,1729140352.0
2015-06-09,31.55,31.5,31.99,30.9,49159228.0,1547358976.0
2015-06-10,31.23,30.91,31.38,30.71,46424520.0,1440725632.0
2015-06-11,30.95,31.2,31.5,30.75,44320440.0,1380274944.0
2015-06-12,31.14,30.62,31.15,30.2,39294424.0,1203788800.0
2015-06-15,30.75,31.16,32.0,30.5,66172404.0,2071205376.0
2015-06-16,30.85,31.58,32.25,30.61,78942720.0,2494258432.0
2015-06-17,31.83,32.76,33.18,31.51,85747536.0,2782472448.0
2015-06-18,32.78,32.75,34.5,32.33,88154024.0,2965597696.0
2015-06-19,32.82,31.55,34.36,31.5,83597264.0,2788954880.0
2015-06-23,30.9,30.0,30.98,28.45,59086796.0,1749338240.0
2015-06-24,30.01,30.73,31.4,29.38,52956000.0,1602493952.0
2015-06-25,30.5,28.67,30.7,28.4,47209920.0,1394924544.0
2015-06-26,27.9,25.8,27.9,25.8,43408984.0,1158417664.0
2015-06-29,26.5,23.24,26.76,23.22,49033012.0,1200395008.0
2015-06-30,23.05,24.7,24.96,20.97,48159044.0,1110182272.0
2015-07-01,24.46,22.53,24.85,22.38,38811500.0,928791936.0
2015-07-02,22.61,20.28,23.1,20.28,46824980.0,994514368.0
2015-07-03,20.0,18.56,21.08,18.26,44934792.0,866833664.0
2015-07-06,20.4,19.3,20.4,17.45,57876316.0,1102425600.0
2015-07-07,18.4,17.68,19.0,17.37,57088828.0,1025011968.0
2015-07-08,15.91,15.91,16.3,15.91,48398768.0,771518912.0
2015-07-09,15.91,17.5,17.5,14.58,65910552.0,1093158912.0
2015-07-10,18.01,19.25,19.25,18.0,48031216.0,911991168.0
2015-07-13,19.89,21.18,21.18,19.3,71259272.0,1456323200.0
2015-07-14,20.5,19.93,21.18,19.75,56480648.0,1150474496.0
2015-07-15,19.3,17.94,19.59,17.94,43454676.0,806903040.0
2015-07-16,17.94,18.23,18.75,17.0,34682184.0,625539328.0
2015-07-17,18.25,19.39,19.67,18.23,35147828.0,664415104.0
2015-07-20,19.0,19.06,19.65,18.7,47647040.0,910794112.0
2015-07-21,18.43,19.5,19.82,18.12,54080944.0,1021045504.0
2015-07-22,19.1,18.95,19.5,18.58,41067360.0,778184832.0
2015-07-23,18.97,19.38,19.46,18.69,48216312.0,923515968.0
2015-07-24,19.25,19.47,20.1,19.06,65738916.0,1285518336.0
2015-07-27,18.88,17.52,19.37,17.52,43990828.0,817681280.0
2015-07-28,16.81,17.48,17.99,16.06,45462796.0,770127680.0
2015-07-29,17.57,18.16,18.28,17.1,30457848.0,534758624.0
2015-07-30,18.0,17.29,18.17,17.2,28684458.0,511126816.0
2015-07-31,17.0,17.48,17.53,16.69,25911332.0,444164768.0
2015-08-03,17.32,18.22,18.25,17.18,32732356.0,578451648.0
2015-08-04,18.16,18.71,18.77,17.82,29709340.0,544855936.0
2015-08-05,18.42,18.35,18.73,18.1,19101424.0,351694112.0
2015-08-06,18.0,18.11,18.31,17.81,11969295.0,216606000.0
2015-08-07,18.29,18.43,18.55,18.18,17587616.0,324027776.0
2015-08-10,18.47,19.44,19.58,18.41,38962208.0,742480768.0
2015-08-11,19.6,21.38,21.38,19.47,52782660.0,1084852224.0
2015-08-12,22.99,23.52,23.52,21.92,132311312.0,3026084608.0
2015-08-13,23.7,23.53,24.64,22.53,119826608.0,2824491264.0
2015-08-14,22.8,22.67,23.3,22.4,75811208.0,1724563072.0
2015-08-17,22.47,22.82,23.18,22.33,50212216.0,1140051328.0
2015-08-18,22.8,20.54,22.8,20.54,58840416.0,1277181696.0
2015-08-19,19.75,21.02,21.11,19.1,45975480.0,920558080.0
2015-08-20,21.47,21.68,22.66,21.3,57688400.0,1271479040.0
2015-08-21,22.85,22.08,23.4,21.61,81982472.0,1871242752.0
2015-08-24,20.78,21.32,23.5,19.88,97271184.0,2136900608.0
2015-08-25,20.2,19.19,22.3,19.19,65071852.0,1350234496.0
2015-08-26,18.1,17.27,19.16,17.27,66683036.0,1189456384.0
2015-08-27,16.79,17.64,17.81,15.87,52626968.0,875863616.0
2015-08-28,17.64,18.63,18.8,16.88,51675492.0,915124928.0
2015-08-31,18.01,17.66,18.3,17.28,30989928.0,549606720.0
2015-09-01,17.78,18.28,18.35,16.9,50311280.0,897426304.0
2015-09-02,17.11,17.03,17.85,16.55,36875276.0,632920320.0
2015-09-07,16.4,16.88,17.5,16.4,26140072.0,446111520.0
2015-09-08,16.72,17.21,17.28,16.5,17326564.0,292334112.0
2015-09-09,17.55,18.13,18.18,17.38,37225920.0,664140608.0
2015-09-10,17.69,17.37,17.72,17.23,29505740.0,516455968.0
2015-09-11,17.56,17.3,17.71,17.08,14756752.0,256096192.0
2015-09-14,17.31,17.18,17.97,16.06,38742828.0,668357952.0
2015-09-15,16.6,15.73,16.88,15.7,23439948.0,378336160.0
2015-09-16,15.6,16.82,17.14,15.6,25816144.0,420659296.0
2015-09-17,17.18,16.85,17.64,16.8,31783784.0,548421504.0
2015-09-18,17.4,16.76,17.45,16.48,23003640.0,390563296.0
2015-09-21,16.93,17.24,17.37,16.89,20667856.0,353575232.0
2015-09-22,17.24,17.32,17.51,17.07,21852892.0,377822528.0
2015-09-23,17.32,17.32,17.32,17.32,0.0,0.0
2015-09-24,17.32,17.32,17.32,17.32,0.0,0.0
2015-09-25,17.32,17.32,17.32,17.32,0.0,0.0
2015-09-28,17.32,17.32,17.32,17.32,0.0,0.0
2015-09-29,17.32,17.32,17.32,17.32,0.0,0.0
2015-09-30,17.32,17.32,17.32,17.32,0.0,0.0
2015-10-08,18.0,18.03,18.3,17.78,27673202.0,498073632.0
2015-10-09,17.97,19.39,19.83,17.7,37272924.0,696547712.0
2015-10-12,19.45,20.02,21.0,19.36,68013472.0,1351684224.0
2015-10-13,19.5,19.45,19.64,19.1,27131788.0,526248832.0
2015-10-14,19.75,19.48,20.3,19.42,34739472.0,690710848.0
2015-10-15,20.0,19.98,20.2,19.56,37263992.0,739663168.0
2015-10-16,20.0,19.95,20.03,19.5,30236392.0,597666752.0
2015-10-19,19.92,19.64,19.94,19.43,28541080.0,561209472.0
2015-10-20,19.5,19.72,19.74,19.2,21778532.0,423544224.0
2015-10-21,19.8,18.5,20.24,18.39,46948428.0,914795520.0
2015-10-22,18.03,18.73,18.74,17.85,33451820.0,612386688.0
2015-10-23,18.65,19.05,19.14,18.3,30589144.0,571956032.0
2015-10-26,19.03,18.95,19.19,18.7,25638632.0,485628288.0
2015-10-27,18.7,18.88,18.93,18.32,21885048.0,407061728.0
2015-10-28,18.71,19.16,19.51,18.65,37925088.0,725854336.0
2015-10-29,18.7,18.76,18.9,18.55,24750060.0,463142336.0
2015-10-30,18.4,18.25,18.47,17.91,24459892.0,445929920.0
2015-11-02,18.0,17.91,18.15,17.85,16719418.0,300945664.0
2015-11-03,17.99,18.06,18.13,17.83,15120038.0,271788896.0
2015-11-04,17.86,18.59,18.62,17.83,31219996.0,572477632.0
2015-11-05,18.43,18.85,19.22,18.31,46774084.0,880292864.0
2015-11-06,18.86,19.39,19.42,18.63,43976496.0,837129280.0
2015-11-09,19.13,19.13,19.28,18.65,46269652.0,880260864.0
2015-11-10,19.56,20.67,21.0,19.35,82023768.0,1629854976.0
2015-11-11,20.24,19.92,20.25,19.7,54385488.0,1082570112.0
2015-11-12,19.86,19.68,20.18,19.43,36730756.0,726666304.0
2015-11-13,19.38,19.36,19.59,19.01,28457444.0,549867264.0
2015-11-16,19.93,20.49,20.57,19.8,65693992.0,1325329664.0
2015-11-17,20.0,19.73,20.18,19.62,60753348.0,1213588480.0
2015-11-18,19.46,19.5,19.62,19.3,22191090.0,431858560.0
2015-11-19,19.63,19.7,19.76,19.4,20827506.0,408352960.0
2015-11-20,20.0,19.69,20.1,19.57,23462112.0,463569472.0
2015-11-23,19.5,19.45,19.89,19.36,26936804.0,527332288.0
2015-11-24,19.47,19.26,19.47,19.05,20357556.0,390206240.0
2015-11-25,19.85,20.07,20.25,19.72,57043128.0,1140109568.0
2015-11-26,19.68,19.75,20.17,19.49,39447788.0,779377920.0
2015-11-27,19.68,18.97,19.68,18.36,35705396.0,684506944.0
2015-11-30,18.59,18.37,18.69,17.87,31353534.0,575110080.0
2015-12-01,18.45,18.52,18.88,18.33,20012122.0,371728270.0
2015-12-02,18.43,18.8,18.85,18.15,21706974.0,402124128.0
2015-12-03,18.5,18.8,18.83,18.41,17172068.0,319846333.0
2015-12-04,18.99,18.98,19.63,18.96,33428468.0,643340480.0
2015-12-07,19.8,19.94,20.1,19.61,53490035.0,1064492033.0
2015-12-08,19.49,19.94,20.16,19.32,33846240.0,669284096.0
2015-12-09,19.91,20.41,21.1,19.9,44773785.0,918397429.0
2015-12-10,20.4,20.12,20.49,20.0,20418148.0,412274688.0
2015-12-11,19.96,20.83,21.27,19.6,42246544.0,870447808.0
2015-12-14,20.97,22.91,22.91,20.83,67557992.0,1521739904.0
2015-12-15,22.5,22.63,23.01,21.97,56337688.0,1262697216.0
2015-12-16,22.7,22.74,23.19,22.25,39961456.0,908927936.0
2015-12-17,22.88,22.39,22.88,21.88,57817060.0,1282088448.0
2015-12-18,21.86,21.71,21.89,21.38,41404148.0,895027456.0
2015-12-21,21.88,21.83,22.0,21.65,33464992.0,729940736.0
2015-12-22,22.2,21.83,22.33,21.64,34523677.0,757961294.0
2015-12-23,21.74,21.31,21.78,21.01,27518192.0,587823744.0
2015-12-24,21.16,21.56,21.68,21.15,21012556.0,451350496.0
2015-12-25,21.71,21.28,21.71,21.2,16257644.0,347683978.0
2015-12-28,21.31,21.07,21.62,21.0,28975890.0,617032054.0
2015-12-29,20.9,21.42,21.5,20.72,22031837.0,466743907.0
2015-12-30,21.57,21.44,21.57,21.15,16429178.0,350786615.0
2015-12-31,21.2,21.0,21.45,20.9,12574804.0,267212470.0
2016-01-04,20.92,19.68,21.46,19.0,23480153.0,490102007.0
2016-01-05,20.0,20.93,20.95,19.7,33125952.0,675973161.0
2016-01-06,20.51,21.89,22.33,20.4,48169102.0,1037046226.0
2016-01-07,22.11,21.1,22.68,21.0,18866959.0,417223457.0
2016-01-08,22.24,22.65,23.0,21.46,64771676.0,1459534553.0
2016-01-11,22.0,22.06,23.42,21.88,53177286.0,1204969259.0
2016-01-12,21.25,19.85,21.29,19.85,48165381.0,967232313.0
2016-01-13,19.51,18.59,19.55,18.56,34561386.0,657230920.0
2016-01-14,18.15,18.76,18.95,18.0,23254238.0,431249713.0
2016-01-15,18.2,17.85,18.3,17.6,22100737.0,398070717.0
2016-01-18,17.49,17.94,18.35,17.3,14644114.0,263250690.0
2016-01-19,17.8,18.32,18.35,17.58,17551590.0,316142692.0
2016-01-20,18.0,18.89,19.55,17.94,25140132.0,468623264.0
2016-01-21,18.96,18.77,19.49,18.6,27304944.0,520528404.0
2016-01-22,18.6,18.37,18.66,18.01,15204367.0,278181386.0
2016-01-25,18.38,18.64,18.75,18.28,10806470.0,200038093.0
2016-01-26,18.95,18.8,19.26,17.91,27617774.0,520090074.0
2016-01-27,18.88,18.23,19.1,17.9,23562760.0,436759545.0
2016-01-28,17.84,16.44,18.13,16.41,21292383.0,369157052.0
2016-01-29,16.41,16.69,16.97,16.0,15328332.0,254123775.0
2016-02-01,16.69,17.38,17.75,16.65,21976227.0,382167314.0
2016-02-02,17.52,17.67,17.9,17.3,13479105.0,238179670.0
2016-02-03,17.5,18.11,18.49,17.36,13376468.0,241600493.0
2016-02-04,19.16,18.78,19.8,18.7,26234811.0,502594455.0
2016-02-05,19.56,20.66,20.66,19.56,60224341.0,1233545376.0
2016-02-15,22.73,22.73,22.73,22.18,38421822.0,872794934.0
2016-02-16,22.64,22.88,23.39,22.22,107685732.0,2435052009.0
2016-02-17,22.11,22.64,22.93,21.9,65444997.0,1466971096.0
2016-02-18,22.63,22.21,22.8,22.03,51888033.0,1163716477.0
2016-02-19,22.6,21.69,22.68,21.35,57107117.0,1263553860.0
2016-02-22,21.4,21.9,22.07,21.19,39815324.0,863263286.0
2016-02-23,21.6,23.28,23.4,21.4,70300562.0,1576999911.0
2016-02-24,23.0,24.37,25.59,22.7,80123779.0,1924732743.0
2016-02-25,24.62,23.92,25.8,23.5,78670162.0,1947207029.0
2016-02-26,24.12,24.82,24.89,22.98,50343218.0,1216747564.0
2016-02-29,23.96,25.26,26.05,23.52,65375098.0,1643102974.0
2016-03-01,25.62,26.94,27.28,25.62,75602095.0,2009087342.0
2016-03-02,25.97,27.15,27.25,25.8,58735812.0,1564062698.0
2016-03-03,27.1,27.96,28.0,26.24,63937049.0,1736084825.0
2016-03-04,28.79,27.79,29.17,27.61,60174556.0,1722524552.0
2016-03-07,27.81,29.63,30.33,26.63,69268567.0,1940349837.0
2016-03-08,29.03,28.68,29.93,27.73,56444803.0,1632761533.0
2016-03-09,27.05,26.57,27.7,26.52,44741746.0,1216154220.0
2016-03-10,26.11,27.1,28.15,25.85,51846870.0,1401079539.0
2016-03-11,28.3,27.81,29.2,27.6,48706110.0,1384314500.0
2016-03-14,26.95,28.16,28.29,26.58,49991591.0,1373606341.0
2016-03-15,26.98,26.1,26.99,25.81,53864926.0,1426102102.0
2016-03-16,25.83,26.53,26.85,25.68,41074291.0,1076477466.0
2016-03-17,27.39,26.8,27.52,26.46,54008834.0,1454110727.0
2016-03-18,27.03,27.26,27.91,26.87,49129127.0,1341528191.0
2016-03-21,26.75,27.16,27.45,26.28,57770740.0,1545927561.0
2016-03-22,26.59,27.96,28.07,26.4,72035679.0,1970097095.0
2016-03-23,27.42,27.05,28.12,26.58,53786296.0,1469369802.0
2016-03-24,25.81,26.05,26.8,25.4,51276606.0,1328235986.0
2016-03-25,25.86,25.3,26.06,25.09,31232660.0,794150755.0
2016-03-28,25.21,25.63,25.97,25.08,30271154.0,773583198.0
2016-03-29,25.58,25.93,26.36,25.0,40003917.0,1034469120.0
2016-03-30,26.98,26.38,27.12,26.05,43707937.0,1157708493.0
2016-03-31,26.0,26.29,26.59,25.72,29757021.0,778175718.0
2016-04-01,26.28,26.8,27.3,26.02,40611057.0,1089792765.0
2016-04-05,26.47,27.0,27.12,25.89,32680574.0,866853564.0
2016-04-06,27.13,27.19,28.0,27.0,45096364.0,1242905491.0
2016-04-07,26.81,27.25,27.46,26.45,32222517.0,870037445.0
2016-04-08,27.54,29.87,29.91,27.54,77443702.0,2207217969.0
2016-04-11,30.0,30.38,31.88,29.07,62874956.0,1909979820.0
2016-04-12,30.43,30.37,31.72,29.97,55149690.0,1701241545.0
2016-04-13,30.0,30.8,31.08,29.92,45509209.0,1388477663.0
2016-04-14,30.0,29.79,30.23,29.62,35839411.0,1068972136.0
2016-04-15,29.28,29.82,30.35,28.91,31580509.0,934282048.0
2016-04-18,30.01,29.8,30.5,29.5,31912239.0,958933121.0
2016-04-19,29.4,30.41,30.48,28.99,27341699.0,808713378.0
2016-04-20,31.15,29.9,31.58,28.9,52726213.0,1608445889.0
2016-04-21,29.33,31.02,31.5,29.1,45031282.0,1369291542.0
2016-04-22,29.8,29.41,30.49,29.11,32572817.0,967179458.0
2016-04-25,28.7,28.34,29.0,28.02,24642380.0,702522159.0
2016-04-26,28.66,27.91,28.86,27.55,23492524.0,659657035.0
2016-04-27,28.4,29.55,29.6,28.02,31961223.0,918906639.0
2016-04-28,28.88,29.69,30.3,28.6,39025260.0,1149952994.0
2016-04-29,30.58,30.49,31.55,30.31,44474345.0,1375270056.0
2016-05-03,32.0,32.49,32.8,31.53,47126371.0,1516866083.0
2016-05-04,31.82,32.02,32.32,31.61,31673050.0,1010514554.0
2016-05-05,31.9,31.94,32.97,31.7,33912058.0,1094834788.0
2016-05-06,31.57,31.51,32.55,31.03,38471969.0,1220553873.0
2016-05-09,31.57,29.53,31.59,28.96,38979312.0,1174672444.0
2016-05-10,28.37,29.17,29.36,28.36,25142464.0,725789556.0
2016-05-11,29.45,30.69,30.88,29.03,30489554.0,915190018.0
2016-05-12,30.15,30.32,30.95,30.01,26914387.0,820650651.0
2016-05-13,30.01,31.48,31.8,29.65,33656458.0,1041272083.0
2016-05-16,31.0,32.62,32.97,30.92,40166680.0,1292808756.0
2016-05-17,32.3,31.83,33.5,31.76,38486939.0,1255208424.0
2016-05-18,32.15,31.96,32.59,31.03,29007184.0,921049515.0
2016-05-19,30.5,31.35,31.65,30.45,37933975.0,1176300188.0
2016-05-20,30.91,30.5,31.18,29.9,31484453.0,960402454.0
2016-05-23,30.5,30.67,30.95,30.21,21151585.0,647420952.0
2016-05-24,30.25,30.32,30.49,29.85,20830555.0,628271730.0
2016-05-25,29.49,29.29,29.85,29.01,33876507.0,998823945.0
2016-05-26,29.6,29.73,29.99,29.3,24857823.0,737763390.0
2016-05-27,29.3,29.5,29.8,29.1,21845762.0,641776841.0
2016-05-30,28.91,28.6,28.94,28.26,24824566.0,708704107.0
2016-05-31,28.78,29.6,29.65,28.78,29435990.0,859869224.0
2016-06-01,29.8,29.62,29.94,29.29,27358424.0,811398577.0
2016-06-02,29.41,29.7,30.06,29.16,25416977.0,752843483.0
2016-06-03,29.3,29.34,29.5,29.12,23490434.0,687848231.0
2016-06-06,30.99,31.54,31.86,30.8,55677634.0,1743131413.0
2016-06-07,31.55,30.83,31.67,30.58,29181087.0,902888543.0
2016-06-08,30.87,31.23,31.48,30.87,25931372.0,808889504.0
2016-06-13,32.39,33.86,34.2,31.7,65783383.0,2171945204.0
2016-06-14,33.66,33.72,34.55,33.01,45544911.0,1539475095.0
2016-06-15,34.05,35.93,36.66,33.01,57660512.0,1985223660.0
2016-06-16,36.18,38.57,38.73,35.7,59152337.0,2190199641.0
2016-06-17,36.97,37.12,38.09,36.78,58506517.0,2183436943.0
2016-06-20,37.17,36.31,37.17,35.81,37418977.0,1358951923.0
2016-06-21,36.2,35.56,36.2,34.58,53000660.0,1872417936.0
2016-06-22,34.78,35.08,35.59,34.11,43168568.0,1503606510.0
2016-06-23,34.9,35.26,35.67,34.29,39580115.0,1392493088.0
2016-06-24,35.96,38.79,38.79,34.96,102133320.0,3825655952.0
2016-06-27,39.5,39.45,40.57,39.0,78037054.0,3097472306.0
2016-06-28,39.28,39.48,40.38,38.29,62901249.0,2476623649.0
2016-06-29,38.9,39.97,40.28,38.55,55324882.0,2189525448.0
2016-06-30,39.16,38.91,39.9,38.53,38496456.0,1509677146.0
2016-07-01,39.36,40.81,42.0,39.31,58765491.0,2381648041.0
2016-07-04,42.1,43.11,44.4,41.1,56893834.0,2436025396.0
2016-07-05,42.35,43.67,43.93,41.61,52431884.0,2224875796.0
2016-07-06,45.0,46.99,47.98,45.0,77496318.0,3592776269.0
2016-07-07,47.03,48.21,50.98,46.13,77487101.0,3773776190.0
2016-07-08,46.5,46.53,47.68,46.12,43511638.0,2038242502.0
2016-07-11,48.0,48.7,50.75,48.0,71888407.0,3540280227.0
2016-07-12,47.5,47.75,48.66,46.75,42834005.0,2040965908.0
2016-07-13,45.47,47.87,48.3,45.2,47518854.0,2208840114.0
2016-07-14,48.06,46.89,48.82,46.7,39320293.0,1866562681.0
2016-07-15,46.3,47.11,48.36,45.78,43910488.0,2066481331.0
2016-07-18,47.0,47.34,48.17,46.0,39870905.0,1888811160.0
2016-07-19,46.8,47.0,47.7,46.33,26638140.0,1253216720.0
2016-07-20,46.95,44.83,47.2,44.5,44772218.0,2046028874.0
2016-07-21,43.89,43.79,44.45,42.92,39836953.0,1739209390.0
2016-07-22,44.6,43.36,44.7,43.09,32410504.0,1423532576.0
2016-07-25,42.55,42.13,42.94,41.83,30677178.0,1298261987.0
2016-07-26,42.59,45.17,45.29,42.51,56008775.0,2462419442.0
2016-07-27,44.7,46.91,47.0,42.72,71189007.0,3213878449.0
2016-07-28,47.99,46.76,48.0,46.21,64622862.0,3051665307.0
2016-07-29,46.15,45.81,47.53,45.6,38926295.0,1811634995.0
2016-08-01,46.8,46.43,47.5,46.01,39250739.0,1839587776.0
2016-08-02,46.0,46.25,46.7,45.25,31989293.0,1467819895.0
2016-08-03,47.24,46.92,47.49,46.6,35659334.0,1677875827.0
2016-08-04,45.91,45.51,46.2,45.28,34904993.0,1592763941.0
2016-08-05,45.9,45.8,45.98,45.21,24834022.0,1134243184.0
2016-08-08,43.36,41.95,43.88,41.5,76838466.0,3266401088.0
2016-08-09,41.81,42.03,42.2,41.51,30986711.0,1299477539.0
2016-08-10,42.63,44.5,44.82,42.51,61441577.0,2674248500.0
2016-08-11,43.38,43.18,43.84,42.94,34522160.0,1495244658.0
2016-08-12,42.7,43.14,43.22,42.61,20704091.0,888544006.0
2016-08-15,42.83,43.5,43.78,42.55,34573996.0,1495608024.0
2016-08-16,43.69,44.66,45.39,43.09,53926044.0,2383757572.0
2016-08-17,44.0,43.52,44.08,43.4,31989972.0,1395804018.0
2016-08-18,44.05,43.63,44.66,43.56,29498228.0,1298278257.0
2016-08-19,43.16,42.88,43.16,42.52,24312538.0,1039621990.0
2016-08-22,42.0,42.38,42.67,41.8,19291147.0,815143358.0
2016-08-23,42.39,42.93,43.11,42.02,21115377.0,898506411.0
2016-08-24,42.52,42.71,43.08,42.5,16141988.0,690702695.0
2016-08-25,41.4,42.02,42.17,41.22,22079551.0,920975932.0
2016-08-26,41.9,42.12,42.6,41.84,15819667.0,668366496.0
2016-08-29,41.4,41.76,41.9,41.23,17860796.0,742115888.0
2016-08-30,42.26,41.57,42.37,41.36,23040682.0,966185916.0
2016-08-31,41.11,41.74,41.9,41.0,19813422.0,822014193.0
2016-09-01,41.5,42.36,42.87,41.43,31875777.0,1351293843.0
2016-09-02,42.5,42.43,43.46,42.31,32089631.0,1373954324.0
2016-09-05,43.25,42.84,43.56,42.46,24890088.0,1067646890.0
2016-09-06,42.72,42.43,42.72,41.41,22142563.0,930250323.0
2016-09-07,43.5,43.15,43.85,42.9,40254170.0,1745687106.0
2016-09-08,42.82,42.77,42.96,42.45,16780102.0,716518175.0
2016-09-09,42.1,41.81,42.4,41.66,21386041.0,897263171.0
2016-09-12,40.75,39.22,40.75,38.9,37525738.0,1488132799.0
2016-09-13,39.5,39.2,39.79,38.93,17435900.0,685042244.0
2016-09-14,38.5,39.82,40.19,37.4,30919158.0,1204875354.0
2016-09-19,39.24,39.74,40.13,39.23,16523494.0,655446902.0
2016-09-20,39.84,39.51,40.19,39.28,15850193.0,628552359.0
2016-09-21,39.57,40.39,40.5,39.18,32400906.0,1294490669.0
2016-09-22,41.4,40.51,41.68,40.48,35269890.0,1448306703.0
2016-09-23,40.6,40.17,40.89,40.0,15222869.0,612698883.0
2016-09-26,40.1,38.64,40.1,38.53,18491747.0,724697256.0
2016-09-27,38.24,38.82,39.3,38.24,14169770.0,550033250.0
2016-09-28,38.3,37.71,38.5,37.68,21226603.0,807397266.0
2016-09-29,37.85,37.57,37.95,37.54,16724733.0,630808205.0
2016-09-30,37.65,38.19,38.25,37.61,20207187.0,767595038.0
2016-10-10,36.0,36.99,37.08,35.8,35675110.0,1301565493.0
2016-10-11,36.69,37.87,38.1,36.51,32209614.0,1199639655.0
2016-10-12,37.44,37.56,37.86,37.33,15119012.0,567904817.0
2016-10-13,37.55,37.86,38.31,37.55,18561527.0,704736222.0
2016-10-14,37.5,37.26,37.75,36.87,17600877.0,654809356.0
2016-10-17,37.25,38.97,39.17,37.11,36075079.0,1381740037.0
2016-10-18,38.6,39.19,39.3,38.32,30527605.0,1188209365.0
2016-10-19,39.25,38.98,39.55,38.89,20492159.0,802802256.0
2016-10-20,39.14,38.96,39.4,38.75,17614072.0,688356155.0
2016-10-21,38.5,38.59,38.88,38.01,16463506.0,634226863.0
2016-10-24,38.45,38.54,38.56,37.77,21630063.0,825944156.0
2016-10-25,38.49,39.59,39.84,38.38,34542287.0,1359199260.0
2016-10-26,39.78,39.98,40.68,39.33,33183259.0,1327575637.0
2016-10-27,39.33,39.61,40.09,39.06,16997002.0,672518163.0
2016-10-28,39.5,39.59,40.44,39.4,18082035.0,721517342.0
2016-10-31,40.31,40.72,41.22,40.1,39563080.0,1612788572.0
2016-11-01,40.76,41.89,41.91,40.21,35562958.0,1462979493.0
2016-11-02,42.9,44.71,45.24,42.43,67118327.0,2931854513.0
2016-11-03,45.0,43.98,45.0,43.75,57082685.0,2524068388.0
2016-11-04,43.77,42.6,43.77,42.5,40250391.0,1734858618.0
2016-11-07,41.79,42.07,42.35,41.58,30880520.0,1293728693.0
2016-11-08,41.18,41.87,41.93,41.15,29931276.0,1243432356.0
2016-11-09,41.53,46.06,46.06,41.42,125324065.0,5574263773.0
2016-11-10,43.0,43.71,43.88,42.64,74728447.0,3238952047.0
2016-11-11,42.7,42.42,42.77,41.83,66144935.0,2795522063.0
2016-11-14,40.41,40.4,40.81,40.03,68431571.0,2763360277.0
2016-11-15,40.66,40.65,41.02,40.47,41537805.0,1690886995.0
2016-11-16,40.67,40.7,40.97,40.25,30373790.0,1233259890.0
2016-11-17,40.6,40.54,40.89,40.38,23990472.0,974602240.0
2016-11-18,40.03,39.19,40.03,39.0,44193388.0,1736046886.0
2016-11-21,39.09,39.53,39.57,39.03,29373939.0,1152437809.0
2016-11-22,39.66,39.45,39.84,39.32,27850257.0,1100112204.0
2016-11-23,39.43,39.65,39.71,39.1,30981889.0,1221875625.0
2016-11-24,38.27,38.54,38.99,38.02,48892928.0,1879824727.0
2016-11-25,38.12,37.86,38.29,37.56,35347915.0,1338899934.0
2016-11-28,38.34,38.47,38.8,38.25,45287268.0,1742909707.0
2016-11-29,38.51,38.21,38.64,37.97,33348908.0,1275219149.0
2016-11-30,38.0,38.14,38.39,37.8,24397605.0,929417474.0
2016-12-01,37.58,38.75,38.79,37.36,39017280.0,1486657003.0
2016-12-02,38.66,38.82,39.34,38.4,46204600.0,1795351678.0
2016-12-05,38.67,37.31,38.67,37.25,35247460.0,1330066367.0
2016-12-06,37.29,36.97,37.66,36.9,26018779.0,965273865.0
2016-12-07,36.96,37.05,37.07,36.51,16328723.0,599787568.0
2016-12-08,37.33,37.79,38.1,37.16,33971625.0,1282798317.0
2016-12-09,37.2,37.99,38.18,37.11,26462478.0,997266673.0
2016-12-12,37.48,38.06,38.65,37.38,48176521.0,1838450246.0
2016-12-13,38.21,37.23,38.54,36.5,29019035.0,1084541741.0
2016-12-14,37.11,39.09,39.27,36.8,64567224.0,2484690776.0
2016-12-15,37.61,37.2,37.8,36.8,66497942.0,2479759232.0
2016-12-16,36.3,36.45,36.5,35.62,49373760.0,1779262924.0
2016-12-19,36.54,36.4,36.59,35.98,24621069.0,893603530.0
2016-12-20,36.1,35.89,36.33,35.82,20310874.0,731091992.0
2016-12-21,35.62,36.13,36.22,35.53,18934615.0,681442138.0
2016-12-22,35.98,35.67,35.98,35.55,19281331.0,688604341.0
2016-12-23,35.62,35.41,35.95,35.31,16065820.0,572819694.0
2016-12-26,35.3,34.93,35.31,34.33,23048304.0,799652328.0
2016-12-27,34.8,35.41,35.55,34.61,17734898.0,625516400.0
2016-12-28,35.52,35.65,35.89,35.39,19558773.0,698113913.0
2016-12-29,36.0,36.44,36.9,36.0,42312690.0,1544260319.0
2016-12-30,37.35,36.51,37.5,36.42,26394102.0,972780728.0
2017-01-03,36.4,36.76,36.88,36.18,15765525.0,576182026.0
2017-01-04,36.81,36.91,37.04,36.5,18402142.0,677449123.0
2017-01-05,37.3,37.62,38.2,37.01,40190775.0,1511091103.0
2017-01-06,37.87,37.29,38.29,37.2,30837324.0,1161670401.0
2017-01-09,37.17,36.78,37.17,36.53,18881553.0,694992960.0
2017-01-10,37.15,37.43,37.47,36.91,22812864.0,850312674.0
2017-01-11,37.47,37.12,37.51,36.89,13843965.0,514195262.0
2017-01-12,37.3,37.68,37.7,37.2,22151356.0,830592997.0
2017-01-13,37.35,36.56,37.35,36.43,19117195.0,705028279.0
2017-01-16,36.6,37.04,37.2,35.72,26227594.0,961627540.0
2017-01-17,36.86,37.81,38.05,36.62,29840457.0,1118853733.0
2017-01-18,38.06,38.09,38.45,37.69,35851186.0,1366074977.0
2017-01-19,37.5,37.14,37.5,36.88,19237773.0,714551413.0
2017-01-20,37.11,37.3,37.58,37.01,14285868.0,533395566.0
2017-01-23,37.57,37.85,38.37,37.57,22019142.0,836667215.0
2017-01-24,38.24,37.66,38.24,37.63,15092479.0,571230933.0
2017-01-25,37.0,37.13,37.41,36.87,16694967.0,619805455.0
2017-01-26,36.86,37.02,37.11,36.7,15713493.0,579919378.0
2017-02-03,37.85,37.39,38.1,37.37,21427970.0,808718870.0
2017-02-06,37.68,37.82,38.11,37.68,16248524.0,614977188.0
2017-02-07,38.26,38.71,38.88,37.9,37864831.0,1452933072.0
2017-02-08,38.4,38.43,38.8,38.21,21669527.0,833055347.0
2017-02-09,38.67,38.48,38.78,38.29,22173858.0,853740402.0
2017-02-10,37.8,37.85,37.97,37.67,21896192.0,827449133.0
2017-02-13,37.81,37.88,38.07,37.68,17825151.0,674042082.0
2017-02-14,37.67,37.74,37.77,37.31,16622861.0,623885224.0
2017-02-15,37.52,37.06,37.59,37.0,20125834.0,750352761.0
2017-02-16,37.31,37.22,37.44,37.06,14225497.0,529761688.0
2017-02-17,37.49,37.19,37.49,37.08,12621882.0,470631788.0
2017-02-20,37.0,37.08,37.11,36.56,12651457.0,465584179.0
2017-02-21,36.88,37.22,37.24,36.56,16954145.0,625406380.0
2017-02-22,37.18,37.0,37.38,36.87,14553993.0,539885561.0
2017-02-23,36.92,37.06,37.25,36.71,19738905.0,730363228.0
2017-02-24,37.6,37.51,37.6,37.11,24785728.0,926646986.0
2017-02-27,37.55,37.45,37.99,37.4,25570204.0,963670460.0
2017-02-28,37.11,37.07,37.24,36.9,15517581.0,574363851.0
2017-03-01,36.7,36.82,36.88,36.6,15676622.0,575959435.0
2017-03-02,36.78,36.48,36.86,36.4,17218672.0,630324265.0
2017-03-03,36.0,35.54,36.0,35.38,26784650.0,952602379.0
2017-03-06,35.54,35.67,35.75,35.41,12665522.0,450929790.0
2017-03-07,35.53,35.75,35.81,35.4,14091276.0,502148642.0
2017-03-08,35.52,35.51,35.68,35.42,13228784.0,469600690.0
2017-03-09,35.4,35.18,35.4,35.0,16008792.0,562265713.0
2017-03-10,34.91,35.18,35.26,34.88,11454577.0,402455193.0
2017-03-13,35.18,36.16,36.21,35.18,30274609.0,1086981433.0
2017-03-14,35.9,35.99,36.17,35.72,14500924.0,520779802.0
2017-03-15,35.9,36.19,36.35,35.78,16383410.0,592481177.0
2017-03-16,36.85,36.33,37.16,36.21,27747723.0,1014370592.0
2017-03-17,36.34,36.02,36.52,35.92,17547422.0,635487709.0
2017-03-20,36.28,35.97,36.42,35.78,14861093.0,533777844.0
2017-03-21,35.98,35.54,35.98,35.42,15750351.0,559959255.0
2017-03-22,36.0,35.99,36.35,35.83,21941447.0,791113145.0
2017-03-23,36.0,36.51,36.8,35.52,34203832.0,1242783403.0
2017-03-24,36.12,35.9,36.21,35.81,19468591.0,700337330.0
2017-03-27,36.3,36.79,36.87,36.03,35719857.0,1304106344.0
2017-03-28,36.52,36.48,36.86,36.34,22422451.0,820789036.0
2017-03-29,37.5,36.56,37.5,36.47,39097477.0,1443080450.0
2017-03-30,36.7,35.74,36.74,35.65,21695462.0,781220192.0
2017-03-31,35.46,35.78,35.8,35.39,13070776.0,465103003.0
2017-04-05,35.78,36.12,36.2,35.61,15682069.0,563811913.0
2017-04-06,36.12,36.12,36.12,36.12,0.0,0.0
2017-04-07,36.12,36.12,36.12,36.12,0.0,0.0
2017-04-10,36.12,36.12,36.12,36.12,0.0,0.0
2017-04-11,36.12,36.12,36.12,36.12,0.0,0.0
2017-04-12,36.12,36.12,36.12,36.12,0.0,0.0
2017-04-13,36.12,36.12,36.12,36.12,0.0,0.0
2017-04-14,36.12,36.12,36.12,36.12,0.0,0.0
2017-04-17,36.12,36.12,36.12,36.12,0.0,0.0
2017-04-18,36.12,36.12,36.12,36.12,0.0,0.0
2017-04-19,36.12,36.12,36.12,36.12,0.0,0.0
2017-04-20,36.12,36.12,36.12,36.12,0.0,0.0
2017-04-21,36.12,36.12,36.12,36.12,0.0,0.0
2017-04-24,36.12,36.12,36.12,36.12,0.0,0.0
2017-04-25,36.12,36.12,36.12,36.12,0.0,0.0
2017-04-26,36.12,36.12,36.12,36.12,0.0,0.0
2017-04-27,36.12,36.12,36.12,36.12,0.0,0.0
2017-04-28,36.12,36.12,36.12,36.12,0.0,0.0
2017-05-02,36.12,36.12,36.12,36.12,0.0,0.0
2017-05-03,36.12,36.12,36.12,36.12,0.0,0.0
2017-05-04,36.12,36.12,36.12,36.12,0.0,0.0
2017-05-05,36.12,36.12,36.12,36.12,0.0,0.0
2017-05-08,36.12,36.12,36.12,36.12,0.0,0.0
2017-05-09,36.12,36.12,36.12,36.12,0.0,0.0
2017-05-10,36.12,36.12,36.12,36.12,0.0,0.0
2017-05-11,36.12,36.12,36.12,36.12,0.0,0.0
2017-05-12,36.12,36.12,36.12,36.12,0.0,0.0
2017-05-15,36.12,36.12,36.12,36.12,0.0,0.0
2017-05-16,36.12,36.12,36.12,36.12,0.0,0.0
2017-05-17,36.12,36.12,36.12,36.12,0.0,0.0
2017-05-18,32.71,32.51,34.49,32.51,52479761.0,1737527114.0
2017-05-19,31.11,30.3,31.58,30.11,39232779.0,1199361702.0
2017-05-22,30.3,30.05,30.67,29.93,18374520.0,556032360.0
2017-05-23,30.33,28.66,30.48,28.02,26284976.0,769376585.0
2017-05-24,28.3,27.52,28.3,26.56,26594912.0,723329919.0
2017-05-25,27.5,27.67,27.77,27.03,18518913.0,508402108.0
2017-05-26,27.52,28.49,28.76,27.42,20940643.0,592988300.0
2017-05-31,28.5,28.55,28.64,28.21,12032645.0,342068199.0
2017-06-01,28.65,27.69,28.65,27.48,14962902.0,418953126.0
2017-06-02,27.55,27.84,27.96,27.06,13089748.0,360933004.0
2017-06-05,28.4,29.42,29.78,28.3,30037071.0,872716158.0
2017-06-06,29.39,29.6,29.76,28.86,17869537.0,526682054.0
2017-06-07,29.97,29.79,29.99,29.38,19550957.0,580021673.0
2017-06-08,29.55,29.43,29.63,29.3,14300210.0,421021745.0
2017-06-09,29.0,28.97,29.1,28.75,14757302.0,426420072.0
2017-06-12,28.58,29.05,29.32,28.45,14792402.0,426822574.0
2017-06-13,28.82,29.24,29.43,28.77,12368983.0,361241111.0
2017-06-14,29.24,29.45,29.65,29.18,14762993.0,434506825.0
2017-06-15,29.21,29.17,29.33,28.8,15129177.0,440200717.0
2017-06-16,28.81,28.81,28.96,28.58,14741360.0,424078402.0
2017-06-19,28.77,28.71,28.78,28.56,9143959.0,262225122.0
2017-06-20,28.65,28.93,29.05,28.59,12620917.0,363857692.0
2017-06-21,28.96,28.91,29.0,28.76,10390663.0,299930873.0
2017-06-22,29.12,29.23,29.57,28.92,21200844.0,619170645.0
2017-06-23,29.1,29.04,29.18,28.57,14961603.0,433129364.0
2017-06-26,29.02,29.11,29.27,28.88,12864245.0,374042643.0
2017-06-27,28.85,29.17,29.35,28.71,17957009.0,520753048.0
2017-06-28,29.01,29.19,29.37,28.96,16586850.0,484743116.0
2017-06-29,29.11,29.1,29.33,29.01,11471181.0,334382375.0
2017-06-30,28.85,28.93,29.2,28.74,11561461.0,334484010.0
2017-07-03,28.8,28.81,28.94,28.56,12858391.0,369434337.0
2017-07-04,28.5,28.9,28.93,28.4,15970134.0,458057913.0
2017-07-05,28.85,28.91,28.95,28.76,10068564.0,290730237.0
2017-07-06,28.97,29.49,29.65,28.91,26958708.0,792128170.0
2017-07-07,29.3,29.87,29.96,29.14,22436237.0,663749154.0
2017-07-10,29.53,29.31,29.84,29.3,18591467.0,550220767.0
2017-07-11,29.35,29.12,29.5,29.06,13492121.0,395841495.0
2017-07-12,29.38,29.45,29.67,29.2,14336665.0,422566639.0
2017-07-13,29.6,30.88,31.15,29.26,44532582.0,1355833313.0
2017-07-14,30.4,30.62,30.85,30.29,19974848.0,610856824.0
2017-07-17,30.99,31.33,32.4,29.91,49475204.0,1557154110.0
2017-07-18,31.3,31.65,31.98,31.03,32076663.0,1011250355.0
2017-07-19,31.85,32.43,32.99,31.85,43475876.0,1412125418.0
2017-07-20,32.0,31.84,32.1,31.7,27011572.0,859860359.0
2017-07-21,31.9,31.82,32.48,31.25,24212710.0,769084339.0
2017-07-24,32.16,31.6,32.35,31.39,20412831.0,647641490.0
2017-07-25,31.35,30.96,31.38,30.71,23638205.0,732808152.0
2017-07-26,30.55,30.97,31.29,30.53,16873945.0,523149891.0
2017-07-27,31.41,31.2,31.67,31.02,20510994.0,643020658.0
2017-07-28,31.16,30.87,31.16,30.66,16169909.0,498392630.0
2017-07-31,31.15,31.92,31.97,31.05,29829597.0,943758553.0
2017-08-01,31.97,32.29,32.8,31.36,35433432.0,1137964484.0
2017-08-02,31.89,31.77,32.68,31.7,27404609.0,879389814.0
2017-08-03,31.63,31.72,32.08,31.52,16986690.0,539164728.0
2017-08-04,31.8,33.16,33.49,31.76,51201608.0,1674927393.0
2017-08-07,32.33,32.55,32.64,32.05,27694759.0,897200962.0
2017-08-08,32.21,32.41,33.25,32.2,26354978.0,861026046.0
2017-08-09,32.6,32.88,33.11,32.39,21955917.0,718482366.0
2017-08-10,33.47,33.95,34.28,33.18,52995949.0,1792961776.0
2017-08-11,34.6,34.18,36.15,34.05,77467734.0,2722140479.0
2017-08-14,34.24,33.96,34.24,33.11,36166114.0,1217840104.0
2017-08-15,33.2,33.29,33.39,32.84,32549161.0,1078744177.0
2017-08-16,32.91,32.62,32.99,32.52,25917493.0,846637726.0
2017-08-17,33.2,33.17,33.44,32.91,27766782.0,921221076.0
2017-08-18,33.12,33.05,33.65,32.9,22268921.0,740374100.0
2017-08-21,32.89,33.09,33.15,32.6,17230081.0,565841607.0
2017-08-22,33.08,32.87,33.17,32.82,12736924.0,419787564.0
2017-08-23,32.56,32.18,32.66,32.03,20424970.0,659254633.0
2017-08-24,32.17,31.73,32.35,31.58,15014695.0,479891062.0
2017-08-25,31.56,32.04,32.15,31.47,12207180.0,389094185.0
2017-08-28,32.31,32.94,32.96,32.09,23263013.0,756468940.0
2017-08-29,33.94,33.24,33.95,33.12,33142604.0,1109894990.0
2017-08-30,32.96,32.97,33.18,32.7,16335139.0,537893076.0
2017-08-31,32.51,32.64,32.83,32.48,14442089.0,470741477.0
2017-09-01,32.92,33.29,33.46,32.8,25968319.0,862596436.0
2017-09-04,33.97,34.44,34.46,33.48,44233472.0,1504009801.0
2017-09-05,34.0,33.79,34.26,33.7,24475884.0,831066625.0
2017-09-06,34.06,33.88,34.46,33.83,26928355.0,919043776.0
2017-09-07,33.48,33.41,33.78,33.25,18448229.0,616872356.0
2017-09-08,33.8,33.94,34.4,33.63,28668934.0,974733307.0
2017-09-11,33.24,33.28,33.4,33.02,22478939.0,746417607.0
2017-09-12,32.9,32.87,32.97,32.67,22053991.0,723660034.0
2017-09-13,32.86,32.75,32.97,32.58,13574864.0,444362054.0
2017-09-14,32.5,32.56,32.57,32.22,12071076.0,391232023.0
2017-09-15,32.8,32.68,32.84,32.55,10190384.0,332956614.0
2017-09-18,32.4,32.37,32.46,32.16,11371924.0,367245973.0
2017-09-19,32.37,32.14,32.37,31.93,13466878.0,432460356.0
2017-09-20,32.22,32.5,32.54,32.12,12580686.0,407259639.0
2017-09-21,32.0,31.36,32.0,31.34,24306086.0,770399795.0
2017-09-22,31.35,31.49,31.56,30.8,15043683.0,467888899.0
2017-09-25,31.1,31.59,31.64,31.0,11703878.0,366756000.0
2017-09-26,31.97,31.74,31.99,31.67,9177720.0,292326352.0
2017-09-27,31.38,31.38,31.55,31.2,7319796.0,229541240.0
2017-09-28,31.0,31.19,31.4,31.0,8908979.0,277682231.0
2017-09-29,31.18,31.43,31.45,31.18,7974622.0,249712120.0
2017-10-09,31.4,31.56,31.64,31.28,11085319.0,349108514.0
2017-10-10,31.55,31.49,31.65,31.36,9958142.0,313522224.0
2017-10-11,31.6,31.2,31.6,31.14,11535903.0,360683727.0
2017-10-12,31.3,31.3,31.42,31.01,9874499.0,308479851.0
2017-10-13,31.3,31.18,31.35,31.09,7646068.0,238252980.0
2017-10-16,31.09,30.58,31.17,30.2,18309399.0,561129856.0
2017-10-17,30.29,29.9,30.3,29.8,11003508.0,329835552.0
2017-10-18,29.7,30.26,30.28,29.56,10033857.0,301333029.0
2017-10-19,30.1,30.29,30.31,29.8,10314305.0,310219834.0
2017-10-20,30.3,30.17,30.3,29.96,4875040.0,146692290.0
2017-10-23,30.17,29.89,30.18,29.75,5397707.0,161380839.0
2017-10-24,29.9,30.31,30.47,29.85,8534278.0,258059284.0
2017-10-25,30.11,30.28,30.47,29.93,7210711.0,218095491.0
2017-10-26,30.28,30.38,30.44,30.17,6849150.0,207822291.0
2017-10-27,30.0,29.78,30.08,29.72,10013721.0,299858210.0
2017-10-30,29.82,29.28,29.9,28.9,12661320.0,369722180.0
2017-10-31,29.33,29.51,29.65,29.28,5163636.0,152312331.0
2017-11-01,29.2,29.65,29.66,29.2,7062035.0,207797573.0
2017-11-02,29.63,30.17,30.38,29.54,14542859.0,438084537.0
2017-11-03,30.1,30.28,30.3,29.7,11775277.0,353419104.0
2017-11-06,29.9,29.99,30.15,29.81,6966138.0,208700549.0
2017-11-07,30.1,30.18,30.57,30.0,11167830.0,338086393.0
2017-11-08,30.19,30.2,30.3,29.9,9042530.0,272225715.0
2017-11-09,30.19,30.21,30.35,30.02,8412129.0,254047996.0
2017-11-10,30.29,29.99,30.36,29.95,9420975.0,283502816.0
2017-11-13,29.69,29.42,29.77,29.18,13379788.0,393747155.0
2017-11-14,29.31,29.42,29.53,29.21,6830338.0,200988513.0
2017-11-15,29.52,30.65,30.67,29.52,30310961.0,919029390.0
2017-11-16,30.39,30.57,30.66,30.16,15426303.0,469951390.0
2017-11-17,30.54,31.04,31.25,30.43,27032240.0,835768766.0
2017-11-20,31.31,30.83,31.67,30.6,19521985.0,606854645.0
2017-11-21,30.43,30.99,31.01,30.1,16107250.0,489917190.0
2017-11-22,31.0,31.55,31.6,30.51,26021897.0,811477627.0
2017-11-23,31.58,31.44,31.86,31.3,23793111.0,750941714.0
2017-11-24,31.15,31.16,31.44,30.71,14463106.0,450692550.0
2017-11-27,31.0,31.23,31.27,30.31,16385132.0,505375446.0
2017-11-28,31.03,31.12,31.65,31.03,13038785.0,407603548.0
2017-11-29,30.98,31.38,31.45,30.71,16933590.0,528240786.0
2017-11-30,30.9,30.13,31.06,29.93,21997900.0,670973449.0
2017-12-01,29.66,29.92,30.1,29.49,12975963.0,386045529.0
2017-12-04,29.85,29.42,29.85,29.21,14751761.0,434573419.0
2017-12-05,29.48,30.07,30.27,29.43,21135637.0,631596072.0
2017-12-06,29.65,29.79,30.2,29.31,13404665.0,399078396.0
2017-12-07,29.6,30.09,30.82,29.46,18673276.0,566517852.0
2017-12-08,29.68,29.75,30.01,29.52,15203246.0,451714634.0
2017-12-11,29.71,29.85,29.88,29.46,9289039.0,275527238.0
2017-12-12,29.67,29.9,30.07,29.58,9928368.0,296262419.0
2017-12-13,29.82,29.97,30.06,29.72,9333206.0,279371720.0
2017-12-14,30.3,30.24,30.74,30.21,18716783.0,570126923.0
2017-12-15,30.07,30.77,30.85,30.0,19382752.0,591325215.0
2017-12-18,30.58,30.69,30.96,30.3,15241940.0,466766107.0
2017-12-19,30.61,30.37,30.65,30.27,13455212.0,409301739.0
2017-12-20,30.36,29.88,30.5,29.87,10606562.0,319950456.0
2017-12-21,29.8,29.82,30.1,29.7,9973839.0,298057406.0
2017-12-22,29.77,29.87,30.05,29.65,5940294.0,177456345.0
2017-12-25,30.0,30.46,30.5,29.72,17473056.0,528314015.0
2017-12-26,30.45,30.29,30.45,30.1,8986537.0,271850734.0
2017-12-27,30.4,30.28,30.65,30.17,11735346.0,357037557.0
2017-12-28,30.43,31.04,31.45,30.13,26556330.0,819457929.0
2017-12-29,31.04,31.18,31.35,30.77,17271920.0,536983489.0
2018-01-02,31.46,31.56,31.66,31.02,20535435.0,643953670.0
2018-01-03,32.1,31.63,32.62,31.6,30920320.0,992210773.0
2018-01-04,31.3,31.57,31.59,31.01,17175223.0,536853642.0
2018-01-05,31.82,31.96,32.37,31.62,27422165.0,876950895.0
2018-01-08,31.83,32.38,32.65,31.69,28036734.0,905381203.0
2018-01-09,32.2,31.89,32.28,31.85,14649144.0,468871937.0
2018-01-10,31.61,31.25,31.98,30.96,17672847.0,555531954.0
2018-01-11,31.46,31.58,31.95,31.29,15286609.0,484330830.0
2018-01-12,31.35,32.59,32.85,31.35,34677636.0,1122675283.0
2018-01-15,33.3,32.99,33.62,32.81,41930758.0,1392050133.0
2018-01-16,33.0,33.25,33.33,32.55,23687403.0,781222734.0
2018-01-17,33.15,33.12,34.09,32.7,33458248.0,1117768724.0
2018-01-18,32.3,32.17,32.51,31.88,23407537.0,754596731.0
2018-01-19,31.95,32.52,32.59,31.7,19439050.0,625025928.0
2018-01-22,32.36,32.19,32.44,32.02,15181163.0,488771085.0
2018-01-23,32.15,32.72,33.04,32.14,21850276.0,713103828.0
2018-01-24,32.88,32.87,33.08,32.46,19632813.0,642413901.0
2018-01-25,33.56,33.82,34.2,33.3,45863714.0,1548314823.0
2018-01-26,33.0,33.12,33.35,32.93,24079294.0,797048312.0
2018-01-29,32.9,32.38,33.29,32.15,24610824.0,806461882.0
2018-01-30,31.96,31.52,32.18,31.45,18842755.0,599190154.0
2018-01-31,31.62,31.78,31.96,31.14,18579561.0,586424091.0
2018-02-01,31.56,30.21,31.68,30.0,24250452.0,746068334.0
2018-02-02,30.02,30.56,30.77,29.75,17872904.0,540632005.0
2018-02-05,29.7,30.05,30.16,29.38,17519037.0,523714196.0
2018-02-06,30.11,30.65,31.66,30.11,38110251.0,1182758270.0
2018-02-07,29.62,30.12,30.65,29.62,24892111.0,748516943.0
2018-02-08,29.49,27.26,29.49,27.12,45593004.0,1277844775.0
2018-02-09,27.28,25.55,27.8,24.57,40041322.0,1038357316.0
2018-02-12,25.17,25.67,25.84,25.0,18280915.0,465627690.0
2018-02-13,25.73,25.89,26.22,25.6,16116459.0,417839476.0
2018-02-14,26.03,26.59,26.67,25.9,15822994.0,416838706.0
2018-02-22,26.1,26.41,26.53,25.9,23168838.0,607131833.0
2018-02-23,26.33,26.18,26.36,26.0,14842071.0,387931040.0
2018-02-26,26.17,26.62,26.68,26.1,19866704.0,524457977.0
2018-02-27,26.54,26.3,26.54,26.01,16419805.0,431316343.0
2018-02-28,25.8,25.94,26.06,25.51,13434741.0,346221721.0
2018-03-01,25.72,25.9,25.95,25.61,10057009.0,259944602.0
2018-03-02,25.93,26.79,26.88,25.91,29950630.0,795562694.0
2018-03-05,26.88,26.72,27.18,26.5,18591805.0,498767084.0
2018-03-06,26.55,26.79,26.81,26.26,16053864.0,425925084.0
2018-03-07,27.27,26.92,27.39,26.88,24015441.0,652188755.0
2018-03-08,26.57,27.28,27.5,26.5,19339931.0,524373249.0
2018-03-09,27.0,27.12,27.18,26.77,18562496.0,500068683.0
2018-03-12,27.11,27.18,27.3,26.9,17647178.0,478405796.0
2018-03-13,27.2,27.09,27.42,27.06,14354465.0,390602847.0
2018-03-14,27.33,27.24,27.47,27.17,16593642.0,453129768.0
2018-03-15,27.23,26.73,27.23,26.68,12855332.0,345521207.0
2018-03-16,26.49,26.75,27.05,26.33,11586072.0,308983464.0
2018-03-19,26.63,26.66,26.96,26.56,11176248.0,299103051.0
2018-03-20,26.95,27.02,27.28,26.87,17165863.0,464558030.0
2018-03-21,26.8,28.18,28.51,26.74,36402476.0,1003497987.0
2018-03-22,28.11,27.52,28.3,27.5,30274693.0,841449981.0
2018-03-23,28.39,29.14,29.95,27.8,77966401.0,2252057649.0
2018-03-26,29.6,29.01,30.99,28.82,67655211.0,2014074768.0
2018-03-27,28.45,30.16,30.55,28.01,55170867.0,1602131242.0
2018-03-28,29.44,29.51,30.5,29.23,43124036.0,1287918961.0
2018-03-29,28.8,28.84,29.33,28.53,31697350.0,915113619.0
2018-03-30,28.64,29.04,29.1,28.53,22646882.0,653592792.0
2018-04-02,29.23,30.87,31.0,29.23,53385580.0,1609628173.0
2018-04-03,31.2,31.07,31.73,30.24,59371899.0,1845844319.0
2018-04-04,30.47,31.63,32.0,30.3,57825758.0,1811441969.0
2018-04-09,31.0,31.03,32.2,30.79,45234909.0,1420649910.0
2018-04-10,31.05,30.41,31.25,30.32,29216510.0,895308246.0
2018-04-11,30.44,31.99,32.13,29.83,54042623.0,1676070041.0
2018-04-12,31.68,32.05,32.88,31.5,59952700.0,1927051693.0
2018-04-13,30.84,31.17,31.48,30.66,33484278.0,1041704453.0
2018-04-16,31.55,31.22,32.13,31.16,35808782.0,1130907002.0
2018-04-17,31.22,31.54,31.58,30.29,33756577.0,1046514088.0
2018-04-18,30.86,30.88,31.2,30.45,24253794.0,747671627.0
2018-04-19,30.73,31.2,31.45,30.44,27361062.0,848045791.0
2018-04-20,30.84,30.67,31.33,30.61,22147434.0,684805694.0
2018-04-23,29.87,28.46,30.03,28.26,33031505.0,963846125.0
2018-04-24,28.0,28.42,28.43,27.57,23436024.0,657189893.0
2018-04-25,28.45,28.24,28.75,28.19,17871212.0,508146687.0
2018-04-26,28.07,28.23,28.65,27.83,15783514.0,446289126.0
2018-04-27,27.81,27.92,28.18,27.66,12262255.0,342085214.0
2018-05-02,27.7,27.43,27.7,27.14,14568314.0,399536099.0
2018-05-03,27.54,27.73,27.88,27.46,12278687.0,339842576.0
2018-05-04,27.72,28.28,28.4,27.65,17618762.0,495873011.0
2018-05-07,28.35,28.37,28.42,28.01,14749964.0,416793283.0
2018-05-08,28.35,28.8,28.83,28.22,15294559.0,436793744.0
2018-05-09,28.4,28.47,28.67,28.28,11301771.0,321986433.0
2018-05-10,28.48,28.47,28.7,28.31,8988119.0,256176510.0
2018-05-11,28.62,28.74,28.95,28.53,13433804.0,386367771.0
2018-05-14,28.7,28.05,28.72,28.04,14906675.0,420832718.0
2018-05-15,27.75,27.86,27.99,27.51,13338715.0,370200493.0
2018-05-16,27.29,27.23,27.3,26.9,22319054.0,605758832.0
2018-05-17,27.1,27.05,27.39,27.03,13880608.0,377940123.0
2018-05-18,27.0,27.32,27.55,26.93,10101955.0,275186549.0
2018-05-21,27.02,27.24,27.4,26.9,15841310.0,430850406.0
2018-05-22,27.31,27.35,27.44,27.18,10680126.0,291623678.0
2018-05-23,27.42,27.14,27.47,27.06,10168762.0,277248976.0
2018-05-24,27.23,27.38,27.4,27.12,9014967.0,246216928.0
2018-05-25,27.79,27.56,27.83,27.47,15177911.0,419649701.0
2018-05-28,27.25,26.66,27.25,26.57,14410586.0,387152446.0
2018-05-29,26.63,26.84,27.03,26.63,6784930.0,181972732.0
2018-05-30,27.25,28.59,28.9,27.25,41569715.0,1166930231.0
2018-05-31,27.9,28.35,28.85,27.6,29660272.0,837536876.0
2018-06-01,28.3,28.0,28.48,27.82,20355771.0,573817413.0
2018-06-04,27.24,27.31,27.67,27.2,14781399.0,405024097.0
2018-06-05,27.18,27.56,27.63,27.02,10385445.0,284145771.0
2018-06-06,27.65,28.08,28.15,27.59,16116512.0,450369377.0
2018-06-07,27.8,28.17,28.33,27.75,13103992.0,367573120.0
2018-06-08,28.12,27.57,28.21,27.26,13303005.0,369514973.0
2018-06-11,27.65,28.03,28.19,27.58,15301736.0,428790442.0
2018-06-12,27.81,27.89,28.03,27.58,10111265.0,281188223.0
2018-06-13,27.59,27.88,28.12,27.56,12690324.0,354041787.0
2018-06-14,27.83,28.17,28.23,27.7,16644214.0,466518557.0
2018-06-15,28.17,26.93,28.19,26.3,24684755.0,670503779.0
2018-06-19,26.15,25.14,27.18,24.52,27760262.0,717090298.0
2018-06-20,25.05,24.75,25.05,24.15,16642123.0,410051653.0
2018-06-21,24.51,23.96,24.75,23.9,16376872.0,398123823.0
2018-06-22,23.97,24.38,24.4,23.9,11576898.0,279608028.0
2018-06-25,24.49,24.25,24.5,24.15,9297404.0,226304511.0
2018-06-26,24.07,24.03,24.07,23.63,10104486.0,241111735.0
2018-06-27,23.75,24.12,24.19,23.72,11119937.0,266869650.0
2018-06-28,23.95,23.62,24.07,23.51,9767362.0,232520764.0
2018-06-29,23.52,23.92,23.94,23.13,12656567.0,298533701.0
2018-07-02,23.88,23.33,24.04,23.2,12212705.0,288630825.0
2018-07-03,23.1,23.44,23.47,22.95,8986701.0,208617088.0
2018-07-04,24.07,24.99,25.3,23.9,29757313.0,729838349.0
2018-07-05,24.6,24.3,24.94,24.26,17323246.0,424463655.0
2018-07-06,24.21,24.42,24.66,23.51,15448998.0,372020349.0
2018-07-09,24.25,24.54,24.57,23.88,11840758.0,288010348.0
2018-07-10,24.49,24.22,24.54,23.97,15047661.0,365095885.0
2018-07-11,24.1,24.01,24.65,23.83,14954310.0,362758702.0
2018-07-12,23.32,24.09,24.16,23.24,16001944.0,379858042.0
2018-07-13,23.9,23.91,24.04,23.78,9494344.0,226785779.0
2018-07-16,23.86,23.85,23.97,23.65,6811138.0,162211541.0
2018-07-17,23.52,23.84,23.85,23.51,5353577.0,127012145.0
2018-07-18,23.52,23.69,23.87,23.46,8387014.0,198444974.0
2018-07-19,23.57,23.21,23.76,23.16,10221902.0,239296298.0
2018-07-20,23.27,23.52,23.61,23.09,12505690.0,291654533.0
2018-07-23,23.84,23.82,23.92,23.61,10811007.0,257063178.0
2018-07-24,23.58,24.13,24.15,23.5,17847502.0,426902975.0
2018-07-25,24.13,24.51,24.64,24.09,20404825.0,496725262.0
2018-07-26,24.57,24.25,24.59,24.11,12229687.0,297191322.0
2018-07-27,24.0,23.94,24.1,23.85,9416785.0,225570710.0
2018-07-30,24.01,24.21,24.48,23.96,12720342.0,308336503.0
2018-07-31,24.2,24.46,24.59,24.12,11956321.0,291940117.0
2018-08-01,24.32,24.08,24.45,24.02,8495283.0,205860617.0
2018-08-02,24.08,23.1,24.3,22.72,17109497.0,399189970.0
2018-08-03,22.8,22.39,22.88,22.35,12134961.0,273402605.0
2018-08-06,22.42,21.6,22.57,21.37,12869687.0,282536576.0
2018-08-07,21.58,22.01,22.06,21.04,10441440.0,225436953.0
2018-08-08,21.87,22.44,22.96,21.75,14517795.0,325646208.0
2018-08-09,22.42,22.54,22.79,21.92,11307060.0,253409635.0
2018-08-10,22.34,22.39,22.67,22.31,6983422.0,156724329.0
2018-08-13,22.55,22.92,23.15,22.55,14974247.0,342974494.0
2018-08-14,22.44,22.66,22.74,22.2,8865974.0,199361799.0
2018-08-15,22.59,22.29,22.59,22.2,6786951.0,151570172.0
2018-08-16,21.55,22.0,22.15,21.48,8098692.0,177541175.0
2018-08-17,22.0,21.6,22.14,21.51,6883572.0,150274767.0
2018-08-20,21.67,21.87,21.95,21.54,4557823.0,98880672.0
2018-08-21,22.04,22.38,22.44,22.04,8079371.0,179970535.0
2018-08-22,22.48,22.33,22.55,22.29,7444592.0,166865276.0
2018-08-23,22.31,22.3,22.44,22.21,5451938.0,121734905.0
2018-08-24,22.1,22.26,22.35,21.93,5438573.0,120136583.0
2018-08-27,22.56,22.61,22.68,22.44,8809117.0,198921957.0
2018-08-28,22.7,22.81,22.83,22.53,8200854.0,185923106.0
2018-08-29,22.6,22.59,22.77,22.52,5844031.0,132287816.0
2018-08-30,22.59,22.44,22.72,22.42,5790364.0,130905192.0
2018-08-31,22.2,22.6,22.65,22.19,5782860.0,129789129.0
2018-09-03,22.27,22.31,22.4,22.05,5785957.0,128488138.0
2018-09-04,22.31,22.35,22.42,22.14,5068140.0,113057030.0
2018-09-05,22.24,22.15,22.45,22.1,5378929.0,119768873.0
2018-09-06,22.23,22.78,22.94,22.23,16996308.0,386119946.0
2018-09-07,22.73,23.46,23.84,22.51,23968847.0,558052115.0
2018-09-10,23.18,23.01,23.39,22.86,11273158.0,260524267.0
2018-09-11,23.03,23.42,23.66,23.01,14574421.0,341402850.0
2018-09-12,23.44,23.24,23.5,23.05,7940734.0,184260071.0
2018-09-13,23.63,23.46,23.83,23.32,12729221.0,300163057.0
2018-09-14,23.36,23.47,23.6,23.15,6892563.0,161016831.0
2018-09-17,23.1,22.22,23.12,22.22,13243519.0,299053538.0
2018-09-18,22.37,22.52,22.54,22.22,6695312.0,150007261.0
2018-09-19,22.44,22.95,23.06,22.32,8206973.0,186829142.0
2018-09-20,23.0,22.98,23.38,22.89,10361745.0,239585041.0
2018-09-21,23.23,23.5,23.5,23.18,11940465.0,278959880.0
2018-09-25,23.23,23.81,23.95,23.17,15788316.0,374335853.0
2018-09-26,23.8,23.98,24.33,23.71,16145926.0,387178100.0
2018-09-27,23.73,23.7,23.93,23.6,10887155.0,258426754.0
2018-09-28,23.38,23.67,23.67,23.22,9380489.0,220314243.0
2018-10-08,23.54,23.8,24.44,23.43,19828450.0,478115886.0
2018-10-09,23.4,24.93,25.38,23.3,31647462.0,780824471.0
2018-10-10,24.76,26.1,26.27,24.56,32556625.0,839432045.0
2018-10-11,26.2,25.79,27.01,25.36,39686822.0,1035294704.0
2018-10-12,26.85,26.06,26.99,25.8,32203462.0,848844231.0
2018-10-15,25.98,26.48,26.77,25.85,21018859.0,552724797.0
2018-10-16,26.2,25.66,26.43,25.47,19446185.0,504331999.0
2018-10-17,25.24,25.55,25.99,25.2,17245410.0,440974482.0
2018-10-18,25.49,24.54,25.56,24.45,17079555.0,423993933.0
2018-10-19,24.86,25.48,25.58,24.69,15391901.0,387546000.0
2018-10-22,25.16,26.04,26.28,25.07,21637000.0,558328931.0
2018-10-23,25.7,26.91,27.08,25.55,29674557.0,782955890.0
2018-10-24,26.5,26.76,27.48,26.39,28685225.0,771489114.0
2018-10-25,27.3,27.02,27.57,26.89,25671042.0,698921642.0
2018-10-26,26.58,26.8,27.25,26.3,15910314.0,426505664.0
2018-10-29,26.69,26.86,27.42,26.66,15683408.0,424424075.0
2018-10-30,26.5,26.45,26.97,25.9,13688753.0,361938286.0
2018-10-31,26.15,26.3,26.44,25.81,12814880.0,335067443.0
2018-11-01,26.01,27.4,27.5,25.93,25695726.0,685480316.0
2018-11-02,26.99,27.29,27.5,26.91,22749606.0,619910014.0
2018-11-05,27.09,26.7,27.33,26.42,20173606.0,542154374.0
2018-11-06,26.54,26.68,27.04,26.46,12812190.0,342825264.0
2018-11-07,26.3,26.98,27.17,26.18,18885299.0,505383332.0
2018-11-08,26.6,26.28,26.75,26.22,16339803.0,432088954.0
2018-11-09,26.01,25.35,26.18,25.28,15031465.0,385460282.0
2018-11-12,25.05,25.16,25.25,24.85,18551916.0,464917699.0
2018-11-13,25.09,25.55,25.67,25.07,19163807.0,487081232.0
2018-11-14,25.36,25.6,25.85,25.27,13440260.0,344161379.0
2018-11-15,25.69,25.81,25.9,25.56,13374273.0,344137693.0
2018-11-16,25.81,26.01,26.05,25.68,16978463.0,438912265.0
2018-11-19,26.18,25.8,26.25,25.65,13386942.0,346358851.0
2018-11-20,25.8,26.7,26.97,25.8,29993161.0,792423582.0
2018-11-21,26.6,26.39,26.74,26.08,16528943.0,436005140.0
2018-11-22,26.49,26.47,26.97,26.4,14049662.0,375177061.0
2018-11-23,26.53,25.64,26.88,25.62,16263107.0,427759437.0
2018-11-26,25.46,25.58,25.72,24.78,9762233.0,247305326.0
2018-11-27,25.48,25.82,26.0,25.28,9106444.0,233268292.0
2018-11-28,25.48,25.71,25.86,25.33,7451905.0,190667589.0
2018-11-29,26.1,27.14,27.7,26.08,39859748.0,1077695419.0
2018-11-30,26.99,27.05,27.35,26.7,18565588.0,501112098.0
2018-12-03,26.65,27.37,27.45,26.31,23900888.0,644159912.0
2018-12-04,27.28,28.03,28.35,27.15,36192376.0,1005677446.0
2018-12-05,28.28,28.07,28.56,27.8,26783555.0,755090585.0
2018-12-06,28.31,28.24,28.86,28.14,26221133.0,747687770.0
2018-12-07,28.24,28.09,28.84,27.87,19537472.0,554614678.0
2018-12-10,28.96,28.78,29.29,28.6,26346145.0,762163313.0
2018-12-11,28.5,29.57,29.85,28.26,25022161.0,731038682.0
2018-12-12,29.2,29.73,29.82,29.13,20432726.0,603429357.0
2018-12-13,29.6,29.5,29.78,29.21,15951349.0,469254868.0
2018-12-14,29.28,28.58,29.64,28.4,21309468.0,617209807.0
2018-12-17,28.5,28.85,28.99,28.02,15028192.0,430709685.0
2018-12-18,29.37,29.5,29.93,29.25,21504354.0,636742408.0
2018-12-19,29.55,29.12,29.93,28.92,15868186.0,467105366.0
2018-12-20,28.5,29.28,29.45,28.25,13363867.0,386869380.0
2018-12-21,30.12,29.65,30.48,29.58,18466605.0,553285836.0
2018-12-24,30.0,29.69,30.06,29.27,13385919.0,397193320.0
2018-12-25,30.41,29.88,30.48,29.67,18352356.0,550008964.0
2018-12-26,29.7,30.4,30.46,29.5,19672980.0,592195124.0
2018-12-27,30.01,29.86,30.25,29.8,17251058.0,517631985.0
2018-12-28,29.86,30.25,30.32,29.8,13003498.0,391290388.0
